0.22 191.34 173.15 293.46 0.87
275.09 179.49 362.82 217.41 0.72
1057.66 307.00 1241.34 374.55 0.70
392.09 171.10 416.96 239.00 0.54
509.39 171.24 602.09 212.17 0.54
508.78 180.30 554.05 212.04 0.53
1033.21 172.91 1068.16 198.61 0.52
509.00 173.15 564.44 212.12 0.48
545.90 172.31 603.40 210.09 0.47
392.96 112.90 410.20 159.16 0.41
620.41 172.51 662.76 202.47 0.33
219.79 189.20 264.44 207.75 0.31
770.27 172.17 844.18 202.56 0.30
398.46 115.52 418.87 157.98 0.30
1085.42 66.68 1111.59 128.43 0.29
1012.01 204.91 1137.10 267.31 0.28
1032.22 169.70 1070.99 205.80 0.27
