1082.01 135.15 1213.65 372.67 0.82
483.94 150.93 568.74 217.82 0.68
935.92 222.58 993.86 342.34 0.67
980.11 216.55 1046.88 344.02 0.63
866.01 166.15 884.91 220.91 0.42
902.21 134.44 1060.46 168.00 0.40
431.79 177.92 477.67 201.46 0.36
353.05 168.43 371.89 208.63 0.35
353.15 185.94 397.11 252.66 0.34
356.23 169.42 383.66 245.99 0.33
354.30 168.89 378.82 236.57 0.33
383.28 173.19 404.81 227.51 0.32
361.78 171.69 387.11 245.37 0.31
185.98 195.32 221.05 240.02 0.29
95.49 176.06 129.07 258.11 0.29
81.36 174.91 120.80 256.91 0.28
618.01 176.67 641.49 217.66 0.27
