488.44 166.49 517.69 243.93 0.66
238.39 232.26 329.54 340.27 0.60
513.60 172.44 534.79 232.13 0.53
740.87 162.86 760.56 220.73 0.51
1127.26 285.17 1154.42 366.95 0.49
968.39 2.17 1241.45 262.68 0.47
1163.51 147.92 1211.67 290.29 0.46
1141.30 148.71 1210.52 288.43 0.45
532.30 173.28 552.33 229.47 0.42
483.55 168.22 504.15 241.78 0.39
727.27 168.12 743.01 221.30 0.38
732.91 164.59 749.82 221.41 0.37
1134.06 148.43 1176.62 284.00 0.37
1132.40 147.74 1194.46 284.65 0.33
1169.23 166.23 1207.74 289.60 0.27
