540.63 172.21 565.91 232.29 0.70
928.01 8.29 1241.61 273.62 0.69
731.64 173.39 746.92 216.43 0.60
570.10 180.30 586.88 224.18 0.55
744.08 169.82 760.75 216.65 0.51
748.19 168.18 763.56 216.68 0.45
728.97 167.50 744.70 217.26 0.43
1063.16 149.23 1114.58 263.50 0.40
378.82 220.33 430.20 292.21 0.39
758.36 172.05 773.44 213.31 0.37
1077.82 152.41 1112.04 263.83 0.35
567.19 176.20 585.37 225.46 0.30
1212.17 301.48 1241.62 373.49 0.29
751.70 170.98 766.76 215.01 0.27
530.99 172.28 545.15 229.80 0.26
558.91 173.35 570.54 225.90 0.26
