839.80 183.21 914.63 357.17 0.73
918.54 229.60 1034.39 373.06 0.72
962.34 159.56 1055.41 352.12 0.68
824.94 227.30 911.64 363.04 0.57
605.60 178.05 619.12 221.70 0.53
584.82 173.41 602.10 222.01 0.51
590.94 173.18 603.96 222.02 0.42
757.19 167.92 773.00 211.74 0.40
561.34 175.88 575.11 223.31 0.34
814.32 239.64 856.45 332.36 0.32
746.08 169.07 758.14 211.95 0.32
578.61 172.97 588.22 220.28 0.30
573.47 170.89 585.59 221.13 0.27
597.20 174.45 614.09 222.83 0.27
580.36 173.70 595.88 219.86 0.26
761.52 167.07 776.85 213.42 0.26
776.34 173.60 788.06 209.67 0.26
