1019.73 139.81 1241.26 236.29 0.90
0.28 233.51 105.31 373.84 0.89
92.25 209.33 298.57 331.21 0.84
969.27 141.19 1109.83 226.25 0.83
291.12 196.28 406.74 265.80 0.81
901.37 148.90 1014.53 218.19 0.70
399.30 190.91 475.06 240.05 0.66
692.75 177.38 782.44 239.94 0.66
835.65 158.38 938.80 207.02 0.58
680.11 176.55 733.05 224.21 0.54
590.44 171.40 620.45 192.21 0.51
659.68 178.66 689.98 208.30 0.43
496.69 185.51 528.57 211.45 0.34
448.33 186.56 496.29 227.04 0.29
654.69 178.34 683.27 206.67 0.27
899.64 154.82 986.47 218.06 0.26
