0.14 225.87 114.01 370.75 0.88
340.44 191.30 444.62 250.48 0.82
1001.24 145.40 1195.66 235.32 0.80
697.12 177.63 764.21 238.60 0.76
667.95 179.38 716.50 218.37 0.76
1121.45 132.24 1241.39 255.32 0.76
122.67 203.74 342.29 302.86 0.76
727.69 178.88 859.35 263.45 0.74
579.64 171.17 612.94 192.16 0.57
473.80 184.75 523.29 216.46 0.55
433.64 187.74 481.23 232.36 0.54
961.85 157.18 1061.74 219.54 0.50
653.77 177.79 715.19 214.52 0.36
906.37 156.87 1062.26 220.82 0.32
641.36 174.72 674.95 208.99 0.28
639.95 174.51 669.56 203.68 0.27
