811.51 190.96 1204.35 371.19 0.92
0.27 229.58 96.29 374.71 0.91
163.27 199.03 373.36 296.66 0.85
735.64 181.56 881.36 277.59 0.78
1115.46 163.18 1241.40 313.80 0.76
438.30 185.87 498.19 227.88 0.60
686.97 181.30 749.73 232.07 0.60
358.24 188.72 435.05 252.31 0.47
50.90 198.12 102.66 234.28 0.37
499.00 178.33 535.66 206.92 0.37
543.19 172.33 590.74 199.03 0.35
330.63 188.72 432.81 254.12 0.34
6.06 188.46 103.89 236.74 0.33
307.58 201.45 375.85 267.02 0.32
30.79 193.90 103.33 234.12 0.31
648.65 178.75 687.72 207.21 0.31
