0.10 213.49 231.71 373.33 0.91
1031.68 134.76 1215.06 234.83 0.87
1090.51 141.23 1241.71 253.22 0.86
221.73 199.18 380.73 283.56 0.84
942.74 149.32 1088.30 227.73 0.82
376.15 191.09 460.18 243.24 0.75
711.41 177.50 813.54 251.68 0.72
583.23 172.33 615.75 192.87 0.71
879.04 158.51 994.06 205.66 0.63
667.39 180.46 701.81 215.99 0.59
687.27 178.68 742.34 233.30 0.58
636.71 176.94 670.01 207.22 0.43
488.29 186.40 528.77 217.37 0.42
449.82 189.11 487.90 228.22 0.39
0.12 167.38 61.18 190.70 0.32
0.12 166.75 61.95 199.88 0.30
430.95 191.77 461.11 236.08 0.27
434.16 189.37 486.72 228.99 0.26
