0.16 220.03 179.00 372.91 0.89
1074.10 132.03 1242.00 242.61 0.88
357.47 189.99 451.33 246.65 0.83
972.92 147.72 1143.31 231.08 0.79
173.29 201.93 362.28 296.68 0.78
584.06 171.22 614.06 192.04 0.75
719.47 178.85 831.50 253.57 0.71
915.88 158.21 1026.98 216.45 0.65
665.72 179.56 707.18 217.54 0.58
1143.56 166.62 1241.63 259.22 0.58
483.33 187.28 525.71 217.81 0.48
692.07 178.32 754.73 239.93 0.47
655.37 178.39 707.45 211.64 0.42
641.06 176.12 672.16 207.64 0.34
548.61 169.29 585.19 195.19 0.34
437.72 186.36 483.13 229.57 0.34
638.48 174.79 667.47 204.98 0.34
