595.45 151.24 938.85 343.90 0.89
456.19 191.07 581.08 260.97 0.88
999.80 166.47 1156.65 234.65 0.80
0.09 219.45 56.58 357.61 0.63
149.28 186.60 208.88 216.02 0.60
341.27 185.07 407.57 222.28 0.58
918.00 164.91 980.55 216.57 0.55
0.00 81.55 99.81 296.85 0.51
524.40 169.59 621.12 222.14 0.50
315.50 180.31 342.78 200.56 0.46
1094.04 152.22 1242.00 197.08 0.46
0.05 81.50 100.26 295.37 0.37
337.70 184.95 377.35 219.71 0.33
338.14 183.84 369.18 216.29 0.32
190.16 182.85 218.22 207.78 0.30
966.18 151.87 1029.14 212.01 0.26
