763.17 195.64 873.41 271.02 0.76
487.83 188.11 540.54 225.70 0.76
827.50 173.34 1217.04 368.98 0.69
575.85 181.35 605.93 199.89 0.64
681.58 182.83 719.49 214.86 0.60
0.24 234.80 87.33 372.99 0.53
687.94 183.96 725.16 221.04 0.43
533.09 185.17 567.38 216.94 0.43
727.89 185.30 798.08 242.12 0.41
0.00 237.86 122.98 372.21 0.39
724.33 185.63 759.25 239.72 0.39
719.90 184.55 756.31 232.11 0.37
704.90 185.96 744.63 226.94 0.36
534.91 187.49 560.18 217.57 0.28
540.05 186.92 574.27 214.66 0.27
527.74 187.09 561.64 219.67 0.26
548.30 185.41 575.09 212.35 0.26
