903.96 212.42 1241.43 374.25 0.94
783.42 182.92 954.14 289.64 0.86
422.05 187.04 506.22 238.52 0.75
551.77 180.84 584.70 198.02 0.67
733.36 185.58 819.13 250.51 0.62
716.00 180.61 765.01 227.01 0.49
741.82 202.02 807.45 250.69 0.48
490.59 185.54 531.10 224.93 0.41
679.68 177.13 712.44 213.22 0.34
714.56 185.30 747.74 227.05 0.33
491.86 183.07 543.86 221.40 0.33
527.50 184.08 549.46 211.60 0.31
489.66 186.48 520.75 225.76 0.29
305.87 82.49 328.53 125.61 0.27
949.88 173.54 1011.89 203.29 0.27
702.79 179.16 759.12 224.96 0.26
973.56 174.22 1010.94 201.24 0.25
