814.11 190.21 1072.71 333.03 0.90
0.52 199.42 321.98 368.08 0.90
299.36 191.22 432.57 275.35 0.86
1037.13 246.59 1241.32 370.81 0.83
736.99 183.59 857.45 261.12 0.77
501.43 182.60 540.69 210.37 0.71
407.07 189.49 479.23 243.15 0.63
708.21 179.21 773.94 237.69 0.62
705.74 178.53 753.84 227.86 0.46
584.34 174.85 620.00 190.02 0.41
500.27 182.26 554.38 208.42 0.40
681.81 173.39 715.40 214.61 0.38
433.78 188.62 478.86 240.09 0.34
687.17 179.23 717.40 216.56 0.32
1082.35 177.46 1188.82 219.38 0.32
536.27 180.49 557.52 204.08 0.29
408.32 190.58 453.20 243.84 0.28
