862.29 196.61 1241.46 374.75 0.95
0.58 211.53 244.12 374.49 0.89
755.91 187.49 912.28 284.67 0.85
218.80 195.70 401.29 299.30 0.84
492.30 180.72 542.42 213.87 0.65
597.24 173.30 632.90 192.51 0.61
372.61 192.17 447.38 255.74 0.50
412.21 190.92 461.76 247.66 0.48
712.99 181.21 761.86 240.99 0.47
716.01 181.71 793.93 249.91 0.45
1124.72 177.42 1241.41 243.62 0.45
1121.28 178.93 1241.69 291.36 0.44
694.03 179.77 728.84 221.40 0.36
671.24 175.92 701.20 198.49 0.35
663.67 176.41 697.11 194.76 0.34
708.46 180.35 759.99 226.41 0.33
663.79 178.25 696.85 200.83 0.31
690.40 177.45 724.01 218.19 0.28
391.19 191.60 461.74 251.31 0.26
685.42 181.34 718.36 217.15 0.26
