583.36 177.49 669.75 254.21 0.81
721.67 172.18 829.50 245.07 0.81
785.68 170.59 834.69 242.32 0.73
185.83 181.04 303.63 241.52 0.63
827.17 128.89 1097.61 317.15 0.50
0.14 37.53 192.95 309.11 0.47
413.50 178.58 465.80 204.06 0.40
493.51 175.98 515.38 194.93 0.39
304.87 178.21 379.97 225.07 0.37
103.63 179.83 193.64 259.23 0.35
827.65 129.36 1097.28 317.34 0.35
670.61 172.67 723.48 208.12 0.33
785.96 171.86 832.98 204.34 0.31
1140.68 182.92 1241.36 228.31 0.29
530.63 175.81 551.33 189.36 0.28
532.64 176.74 555.98 190.56 0.27
