760.62 168.38 950.61 265.55 0.91
583.38 172.24 683.42 263.42 0.82
84.37 178.06 251.78 254.67 0.82
0.09 177.69 85.71 280.21 0.79
252.56 179.13 350.09 228.66 0.72
1013.09 97.51 1241.35 368.75 0.48
527.19 171.23 556.28 188.24 0.47
1013.61 98.35 1241.25 369.38 0.46
435.80 176.57 454.50 230.07 0.46
395.49 173.92 433.28 202.09 0.43
402.40 176.89 435.73 202.81 0.37
723.55 174.98 766.87 207.34 0.36
485.85 173.15 509.54 191.34 0.32
390.79 172.97 427.45 200.44 0.26
682.37 164.74 768.60 207.81 0.26
682.95 165.31 733.61 207.70 0.25
