787.36 170.24 1010.02 288.23 0.91
580.85 174.21 689.18 274.26 0.86
5.13 178.86 210.25 264.50 0.84
215.68 182.00 328.05 233.24 0.80
430.42 180.29 455.18 204.41 0.49
0.35 182.49 68.95 240.32 0.45
685.59 170.03 738.61 209.71 0.41
384.37 175.34 419.87 203.84 0.40
474.29 174.75 501.07 194.80 0.35
524.33 173.75 548.46 188.97 0.33
448.50 173.71 473.23 202.10 0.32
727.07 173.12 779.61 208.90 0.31
305.86 175.06 353.13 204.53 0.30
774.94 170.93 811.11 223.72 0.29
677.12 169.18 729.16 208.41 0.27
429.19 175.64 470.81 203.73 0.26
416.47 180.82 434.47 234.67 0.25
