43.68 195.08 227.05 269.50 0.84
574.79 176.89 737.23 322.93 0.78
1186.55 225.43 1241.59 373.97 0.70
723.18 178.06 790.84 228.76 0.63
435.40 183.56 492.69 217.40 0.62
232.72 180.93 305.76 219.38 0.58
314.81 186.61 340.57 276.53 0.48
343.87 182.97 424.20 218.71 0.48
773.35 179.52 837.48 222.62 0.36
412.29 185.77 439.43 217.79 0.33
556.47 177.42 578.75 193.48 0.33
50.62 187.75 89.66 215.41 0.29
341.89 182.72 397.70 217.55 0.28
358.68 185.19 431.15 218.06 0.27
379.96 184.61 427.91 217.70 0.26
339.94 180.75 378.99 214.86 0.26
