759.25 177.67 1063.45 365.37 0.91
0.00 182.53 310.60 365.79 0.84
684.56 184.40 798.18 277.79 0.80
584.12 175.55 618.78 264.21 0.77
297.69 199.45 388.80 278.92 0.73
362.79 190.47 428.36 246.64 0.72
657.73 184.36 711.55 250.88 0.54
426.18 182.97 481.81 218.64 0.46
642.91 179.52 671.75 226.49 0.44
631.39 177.56 667.70 218.44 0.43
0.07 268.02 30.34 375.00 0.41
313.82 199.28 391.16 267.84 0.40
603.38 172.78 630.98 193.54 0.32
297.28 200.13 362.65 282.02 0.31
622.12 177.82 638.52 212.54 0.27
629.24 176.55 654.89 210.84 0.27
568.36 169.03 595.23 201.97 0.27
