861.79 200.44 1241.49 371.21 0.93
0.09 203.33 208.62 373.87 0.91
686.51 169.49 860.78 286.21 0.89
174.40 174.34 343.93 297.72 0.85
330.86 186.04 384.27 251.66 0.74
954.28 154.51 1001.79 252.75 0.74
368.04 181.40 420.06 232.81 0.74
560.08 168.12 598.26 270.18 0.73
635.05 176.99 705.23 247.07 0.54
593.74 171.28 630.19 212.90 0.40
534.32 159.14 570.85 197.77 0.40
614.34 175.89 667.72 232.96 0.39
401.93 149.45 498.01 207.37 0.37
609.15 172.94 640.41 210.17 0.32
593.82 172.46 619.33 214.54 0.30
365.95 183.66 395.51 240.73 0.28
332.69 185.15 402.84 245.55 0.26
613.03 175.20 651.09 228.64 0.26
