599.70 190.73 736.96 277.84 0.87
734.77 186.31 895.55 315.94 0.86
419.37 180.82 458.09 218.99 0.70
165.01 203.86 284.70 291.13 0.67
524.58 185.64 556.28 265.65 0.59
259.21 191.19 330.74 252.46 0.57
340.65 172.90 380.27 212.87 0.51
309.94 192.83 340.84 241.70 0.45
546.88 183.55 615.88 245.43 0.45
478.08 184.95 506.67 217.77 0.40
502.15 185.86 529.79 229.31 0.30
492.52 187.18 528.51 228.31 0.30
400.32 174.50 421.95 190.68 0.30
551.45 182.94 607.39 207.97 0.29
525.55 195.12 564.66 283.07 0.27
482.63 186.34 504.22 222.32 0.25
