767.40 193.61 1217.09 374.25 0.93
0.00 203.18 251.14 368.87 0.91
647.45 174.96 783.45 273.00 0.82
221.21 181.47 345.44 289.07 0.78
543.88 174.62 578.69 267.90 0.75
354.52 187.01 404.13 237.61 0.64
611.80 180.60 666.20 247.47 0.64
583.94 179.94 626.56 230.71 0.61
333.09 190.21 377.39 253.38 0.58
389.88 159.60 472.77 210.84 0.51
343.54 188.49 391.09 244.34 0.44
858.82 162.69 889.38 202.54 0.44
509.35 168.83 552.74 204.61 0.34
572.08 176.38 594.72 217.61 0.28
512.58 177.84 546.36 204.43 0.28
313.04 188.02 378.74 255.94 0.26
