713.60 172.25 924.22 310.26 0.90
0.25 211.86 163.40 371.08 0.87
131.20 175.82 336.65 315.35 0.84
1036.90 153.44 1097.18 289.74 0.82
368.73 182.80 426.68 237.31 0.78
569.46 173.12 608.64 270.86 0.72
659.23 178.04 743.09 259.62 0.69
320.06 191.77 394.50 259.36 0.66
360.23 188.56 396.36 247.99 0.50
978.12 246.44 1241.63 373.38 0.49
548.89 161.21 581.13 199.07 0.48
612.71 171.90 654.64 209.66 0.44
619.02 173.47 654.79 218.43 0.42
625.59 176.71 676.75 231.78 0.39
628.43 178.32 685.50 239.07 0.39
367.15 187.53 400.50 241.68 0.30
621.77 175.16 668.48 224.97 0.28
604.35 171.54 631.14 203.78 0.26
