0.37 219.84 127.77 374.31 0.90
727.71 174.16 960.49 325.86 0.90
92.24 177.25 329.90 326.88 0.86
318.30 193.13 395.60 264.40 0.82
1090.40 157.27 1156.05 305.57 0.78
575.90 174.75 611.01 265.65 0.78
369.94 186.16 429.14 239.37 0.75
667.49 178.87 761.80 272.41 0.62
409.29 151.38 515.28 209.40 0.44
365.59 189.59 396.60 250.50 0.44
396.73 185.28 430.53 233.72 0.35
644.22 180.72 687.10 241.57 0.31
630.26 179.18 660.49 228.80 0.30
367.24 189.21 404.06 242.48 0.28
613.15 175.11 638.08 208.24 0.26
419.14 180.65 472.69 212.42 0.26
560.81 166.15 588.95 201.66 0.26
602.14 171.93 626.51 206.13 0.25
