859.56 174.84 1138.93 371.86 0.91
642.60 179.15 830.94 295.41 0.90
77.93 197.13 279.77 312.45 0.78
513.16 177.03 552.68 268.07 0.72
318.25 184.50 355.45 232.18 0.72
246.20 181.95 323.58 257.53 0.67
568.93 171.82 661.26 245.67 0.64
444.13 172.51 480.22 206.86 0.57
544.31 178.13 582.08 228.93 0.48
370.65 169.87 408.33 204.25 0.44
496.31 174.90 523.75 199.68 0.37
291.44 183.35 327.38 250.14 0.34
373.23 163.93 409.63 200.77 0.31
540.01 177.42 573.97 226.11 0.31
540.79 176.58 564.03 195.17 0.29
507.03 175.08 528.64 199.05 0.29
494.19 175.35 516.24 200.95 0.28
