911.83 209.17 1241.16 371.63 0.91
0.22 208.02 188.22 373.98 0.88
699.12 170.14 889.52 298.11 0.87
153.30 174.58 342.51 305.05 0.83
992.92 153.41 1047.85 280.70 0.77
365.83 181.77 423.61 234.11 0.72
330.41 188.69 391.26 254.57 0.70
566.41 168.42 604.21 268.81 0.69
648.20 177.97 723.05 254.41 0.63
622.30 176.60 676.46 232.66 0.44
616.08 173.64 651.43 224.86 0.39
357.21 184.90 395.05 247.40 0.39
596.32 170.86 621.97 205.44 0.39
616.58 171.41 645.83 207.76 0.39
365.31 184.02 403.10 236.95 0.37
398.24 150.66 503.33 204.91 0.35
541.73 160.85 575.85 198.16 0.32
