742.91 175.93 1008.55 344.28 0.91
42.82 180.37 321.71 336.45 0.88
0.10 222.73 89.89 374.33 0.87
675.75 182.57 778.48 273.92 0.81
309.04 197.87 391.10 272.69 0.81
1153.37 158.11 1237.25 326.68 0.79
365.51 188.85 429.66 246.49 0.73
580.45 174.90 615.43 266.45 0.71
617.72 177.39 643.16 214.38 0.51
633.46 178.52 667.55 226.44 0.47
561.68 167.15 590.46 205.40 0.44
642.13 181.41 702.58 244.55 0.38
649.68 181.91 687.42 246.23 0.32
630.44 177.53 661.83 211.54 0.32
637.82 180.28 677.79 234.52 0.29
426.69 182.77 477.34 215.55 0.28
417.73 156.08 520.19 212.31 0.26
598.87 171.49 622.76 193.08 0.26
