796.88 194.61 1241.59 371.42 0.94
0.00 203.00 239.07 373.07 0.89
659.16 173.24 805.56 279.33 0.85
208.43 180.28 346.67 288.35 0.83
549.27 176.26 586.72 265.59 0.76
334.71 191.35 383.93 253.58 0.71
617.42 179.91 677.62 246.89 0.65
362.68 186.22 410.64 233.33 0.64
886.33 157.93 924.05 205.86 0.61
518.15 163.20 554.85 203.64 0.60
582.99 175.13 614.05 215.81 0.45
391.67 154.08 481.07 209.09 0.44
596.78 179.64 641.30 233.06 0.42
575.78 175.17 598.70 201.00 0.30
587.53 176.78 621.34 221.52 0.29
336.28 189.36 405.63 243.65 0.28
590.81 178.43 615.65 223.71 0.26
