712.82 185.00 849.41 287.38 0.86
608.64 188.00 716.90 255.45 0.80
435.31 170.56 476.73 213.61 0.76
240.92 189.28 331.37 258.47 0.64
328.58 182.98 365.43 232.85 0.52
298.66 181.31 362.15 235.09 0.51
565.81 181.74 610.55 274.57 0.46
497.03 182.66 518.15 211.57 0.38
475.45 178.97 501.80 203.19 0.38
389.06 175.04 407.80 194.03 0.36
520.21 183.34 561.01 224.05 0.36
316.63 185.31 366.79 229.05 0.32
567.57 190.70 613.99 277.95 0.32
360.13 180.02 390.74 203.78 0.31
499.60 182.00 540.72 214.23 0.30
339.86 184.34 366.86 230.01 0.29
