0.00 171.03 157.89 370.00 0.91
0.00 269.86 180.87 369.38 0.83
486.74 162.17 532.10 260.84 0.80
834.94 167.66 892.23 284.33 0.74
786.54 160.75 844.70 286.98 0.63
1058.96 186.25 1153.82 222.13 0.61
294.36 157.78 317.31 228.06 0.59
215.46 155.91 238.40 223.39 0.54
246.30 159.01 268.70 222.43 0.47
330.70 159.72 351.02 230.11 0.47
1018.78 188.95 1065.05 219.21 0.45
300.46 157.21 318.50 230.78 0.38
317.57 158.55 341.43 227.00 0.36
322.52 159.52 346.28 227.04 0.35
801.49 159.77 848.61 285.87 0.34
966.07 186.21 1063.49 220.81 0.32
284.71 159.37 307.09 231.56 0.29
1145.91 189.04 1195.60 223.24 0.26
