983.06 153.47 1065.77 318.04 0.81
613.34 159.94 668.63 278.40 0.79
222.57 157.21 250.62 232.90 0.66
378.18 162.26 406.23 244.85 0.65
327.92 162.02 355.48 245.38 0.56
1059.06 185.62 1153.34 220.47 0.53
263.14 165.27 288.81 235.40 0.49
839.17 208.39 994.38 288.81 0.45
1022.25 166.72 1066.52 312.56 0.45
299.61 162.25 318.78 234.91 0.31
324.19 161.55 349.21 244.38 0.29
1147.28 189.55 1195.33 222.28 0.28
294.14 161.83 314.48 231.68 0.28
1148.59 189.71 1194.43 211.55 0.27
156.07 183.65 193.13 197.82 0.26
