915.08 154.19 1002.85 311.05 0.77
582.06 157.61 640.54 274.53 0.73
359.80 162.72 393.94 240.15 0.71
218.82 155.98 247.09 231.52 0.66
1059.05 186.45 1153.75 222.02 0.61
254.76 162.86 277.90 230.74 0.57
318.73 163.43 346.90 237.86 0.50
969.14 164.19 1007.70 302.51 0.49
1013.03 186.78 1063.85 219.58 0.47
839.53 207.86 937.57 256.58 0.47
156.18 182.98 191.96 197.65 0.32
301.25 161.33 320.84 227.48 0.30
312.69 163.88 338.37 240.40 0.28
323.51 162.94 349.49 229.05 0.28
1147.91 189.63 1195.16 222.38 0.27
