771.13 161.72 823.21 292.99 0.72
530.29 156.14 601.24 295.23 0.69
737.36 156.17 787.09 292.01 0.67
501.82 159.35 540.19 262.56 0.65
737.96 155.50 817.86 291.91 0.61
1059.29 186.33 1153.27 222.17 0.57
588.79 162.72 628.00 289.91 0.54
615.23 161.87 672.93 285.32 0.52
1019.01 189.22 1064.74 218.92 0.47
427.47 158.78 459.27 259.89 0.41
449.99 160.44 488.18 267.93 0.41
268.18 154.06 287.33 212.08 0.39
242.02 155.77 259.76 203.21 0.39
260.12 152.86 285.17 213.22 0.38
428.11 157.33 474.13 262.50 0.34
959.63 184.72 1063.64 221.50 0.29
