385.52 159.29 422.76 251.62 0.80
745.84 154.99 832.35 300.90 0.70
254.55 159.31 296.15 245.41 0.68
438.02 159.85 471.47 248.42 0.68
1059.38 186.25 1152.46 222.28 0.60
343.60 163.98 367.71 241.67 0.55
1018.72 188.97 1064.91 218.77 0.46
1188.23 143.60 1223.70 339.47 0.38
265.40 161.15 294.53 243.38 0.38
292.13 159.25 314.57 237.86 0.35
306.88 164.05 333.08 243.96 0.34
1099.19 188.36 1213.70 224.75 0.33
1146.14 189.42 1211.65 224.88 0.32
302.69 162.22 324.17 241.28 0.28
1147.49 189.29 1198.19 220.24 0.27
973.86 186.45 1063.38 220.62 0.26
318.19 166.92 342.02 242.80 0.26
