845.64 154.60 914.99 309.84 0.83
417.12 158.11 455.96 254.94 0.72
465.69 163.33 497.45 252.65 0.66
286.19 157.42 320.04 248.00 0.62
1059.14 186.00 1153.60 221.96 0.60
371.45 167.03 394.99 245.74 0.53
1018.62 189.07 1064.93 218.98 0.47
332.44 165.03 360.14 246.32 0.44
303.10 158.49 324.85 243.66 0.43
293.36 158.85 324.11 243.41 0.42
842.16 215.59 883.43 254.63 0.32
286.03 158.12 308.48 245.93 0.31
324.97 166.34 341.76 238.37 0.28
330.65 163.74 352.41 243.84 0.27
985.14 186.47 1063.39 220.95 0.26
339.19 166.48 368.80 246.00 0.26
157.00 181.79 192.48 197.56 0.25
