573.94 160.23 634.78 272.74 0.77
918.17 154.49 974.64 310.46 0.73
964.44 163.54 999.01 300.23 0.69
359.17 163.08 387.42 239.06 0.64
216.17 157.33 245.43 231.22 0.61
1058.85 186.41 1153.54 222.01 0.61
253.69 164.27 276.82 231.25 0.58
316.81 163.55 341.83 239.74 0.55
839.78 207.37 930.66 255.37 0.49
1017.01 187.79 1064.82 219.84 0.46
993.77 183.28 1063.41 220.82 0.40
289.79 161.71 309.84 230.57 0.33
355.66 164.31 379.72 239.18 0.31
156.14 183.23 191.70 197.82 0.30
1146.96 189.33 1195.50 223.20 0.29
