519.58 161.39 567.40 269.23 0.82
566.76 162.17 615.45 267.23 0.73
368.89 160.49 409.90 266.92 0.71
1059.36 186.28 1151.73 222.75 0.54
453.80 164.88 483.39 260.66 0.53
1162.88 150.97 1223.74 363.23 0.53
1019.09 189.45 1065.16 218.73 0.48
329.88 162.19 359.03 248.58 0.47
425.93 165.45 451.03 261.28 0.35
400.73 161.30 432.74 259.57 0.33
296.00 154.10 309.29 199.13 0.32
349.21 163.43 368.25 241.81 0.32
1146.82 189.31 1199.36 222.46 0.32
405.26 162.23 441.01 261.37 0.28
959.43 184.62 1063.82 221.33 0.27
1099.58 188.31 1200.87 224.14 0.26
