604.93 162.82 665.69 277.25 0.78
222.38 158.71 249.08 233.24 0.67
980.47 155.35 1067.23 313.42 0.60
323.54 161.08 354.58 245.19 0.57
260.65 163.99 283.14 234.27 0.54
379.59 163.53 404.17 243.20 0.53
1057.52 186.54 1154.02 220.42 0.53
964.21 153.17 1027.31 315.99 0.39
1005.74 160.56 1065.15 311.85 0.36
321.36 159.69 346.34 244.15 0.32
291.55 162.21 310.87 229.62 0.29
838.60 207.90 988.01 288.22 0.29
1146.80 189.49 1194.92 221.75 0.28
1148.41 189.66 1194.12 211.03 0.28
301.70 159.90 319.98 233.39 0.26
156.07 183.96 192.47 197.83 0.26
979.99 154.72 1026.15 306.86 0.25
