1130.19 154.88 1221.73 338.00 0.79
420.17 163.26 448.65 246.27 0.66
719.04 152.27 768.64 291.81 0.64
373.15 160.65 401.28 249.42 0.62
290.50 164.69 317.02 242.43 0.60
249.32 155.54 277.79 241.33 0.55
1057.61 186.48 1149.11 221.09 0.54
1018.83 189.15 1064.89 218.88 0.43
274.18 154.93 295.22 235.63 0.34
334.21 163.16 353.57 238.69 0.30
731.74 151.45 766.76 290.95 0.29
321.37 165.05 346.19 240.14 0.28
156.36 183.62 193.51 198.24 0.26
1084.55 186.68 1150.80 219.50 0.26
960.77 184.72 1064.05 221.01 0.25
