739.08 155.32 807.33 299.39 0.79
526.54 160.99 611.67 298.96 0.77
504.88 159.28 545.75 262.78 0.60
1059.45 186.25 1154.11 222.15 0.57
622.73 162.76 675.84 284.14 0.56
459.70 159.65 497.68 266.71 0.53
789.21 160.93 822.76 293.19 0.51
1018.97 189.22 1064.93 218.89 0.48
641.69 163.99 676.55 265.01 0.45
432.34 158.68 468.05 264.52 0.42
601.71 163.04 632.13 285.27 0.41
636.92 170.59 674.81 283.33 0.31
1058.73 187.81 1130.27 219.49 0.29
960.24 184.95 1063.83 221.34 0.27
241.93 156.19 258.08 203.88 0.26
