541.66 161.43 591.91 268.33 0.85
865.66 157.01 935.99 300.04 0.76
216.03 156.66 241.81 226.89 0.64
1059.20 186.42 1153.74 221.87 0.61
250.75 162.14 272.89 229.12 0.58
918.39 165.36 949.94 287.73 0.56
343.43 163.95 370.77 236.25 0.53
1018.64 189.17 1064.84 219.14 0.47
303.38 171.17 328.11 236.95 0.47
959.04 186.25 1063.39 220.75 0.37
284.67 161.37 303.13 232.79 0.32
336.62 160.97 358.07 232.36 0.29
902.92 162.36 948.59 295.68 0.28
838.50 207.34 881.19 251.54 0.28
1146.77 189.32 1195.19 223.03 0.25
