568.74 158.38 613.85 268.45 0.70
895.95 159.70 992.41 302.91 0.65
215.56 156.45 239.66 230.31 0.64
253.35 162.68 274.47 230.55 0.59
1058.61 186.09 1154.92 221.71 0.59
931.90 162.54 992.44 301.19 0.56
837.92 207.32 917.41 258.67 0.54
354.36 165.85 374.89 237.03 0.48
312.78 159.53 339.74 233.27 0.47
286.71 160.11 306.91 228.80 0.43
1017.93 187.68 1065.02 219.25 0.41
282.05 161.54 303.19 229.99 0.34
985.20 184.99 1063.99 220.22 0.33
1058.47 187.43 1132.24 219.56 0.32
891.00 154.15 946.24 305.18 0.29
156.35 182.55 192.24 198.00 0.27
