438.35 159.22 479.56 249.43 0.81
387.49 158.76 426.33 251.30 0.72
772.83 154.31 829.33 300.07 0.72
266.66 156.31 298.11 245.40 0.65
1059.25 186.35 1153.08 222.16 0.62
345.19 163.65 370.09 243.36 0.57
309.49 161.83 337.75 244.90 0.55
1018.89 189.01 1064.99 218.87 0.49
306.53 162.53 328.92 243.80 0.41
156.64 182.88 192.84 198.18 0.31
793.35 153.25 827.01 272.59 0.30
973.38 186.39 1063.77 220.61 0.27
304.10 162.76 323.37 241.88 0.27
262.30 158.16 288.87 245.11 0.27
1146.69 189.35 1195.81 222.84 0.25
