508.84 159.22 548.63 258.70 0.71
862.22 164.95 897.50 286.18 0.64
215.75 156.92 238.97 225.43 0.60
1058.99 186.14 1153.60 221.96 0.59
845.10 163.18 898.56 286.96 0.58
820.45 159.34 853.74 287.21 0.53
248.58 160.41 269.46 224.33 0.52
296.02 158.83 319.52 225.29 0.52
289.02 159.09 315.95 232.93 0.49
1018.60 188.89 1065.26 219.19 0.42
0.00 248.71 56.79 364.65 0.36
284.76 160.13 310.13 233.36 0.35
320.58 158.66 341.29 223.96 0.31
331.39 159.63 351.00 230.59 0.31
301.98 157.23 321.12 230.78 0.27
961.77 184.28 1064.33 221.23 0.27
279.63 159.98 299.48 231.29 0.26
