740.54 157.62 825.07 297.88 0.77
252.55 161.36 294.03 245.80 0.71
381.77 159.41 419.36 251.64 0.70
1153.52 172.20 1223.58 340.54 0.62
437.00 161.04 465.38 247.30 0.60
1059.66 186.24 1151.61 222.66 0.54
1018.85 189.15 1064.62 218.83 0.46
345.06 164.77 367.25 240.67 0.39
1145.60 189.21 1195.46 223.24 0.34
1177.27 149.55 1223.93 337.48 0.32
302.25 165.42 334.15 244.34 0.30
298.54 162.48 325.42 243.61 0.29
1192.18 156.28 1223.60 343.34 0.28
1065.19 187.36 1194.82 224.15 0.28
968.45 186.63 1063.20 220.43 0.28
