622.64 156.19 662.62 279.93 0.75
445.80 157.52 490.23 278.33 0.65
668.28 159.59 700.13 278.05 0.58
1059.32 186.16 1153.89 222.26 0.58
531.33 167.19 566.80 267.46 0.57
495.75 173.46 528.17 274.54 0.56
1018.60 189.24 1064.87 219.00 0.48
375.42 159.88 418.85 261.21 0.42
392.48 161.84 421.77 262.73 0.40
282.97 155.48 302.92 210.99 0.36
420.83 163.58 445.81 245.94 0.36
960.06 184.56 1063.76 221.42 0.31
376.33 158.17 405.98 258.28 0.29
252.56 155.37 271.87 197.77 0.27
279.46 154.88 297.73 209.48 0.26
