593.45 161.16 657.79 275.41 0.66
222.74 157.30 248.05 232.07 0.65
321.78 159.74 352.53 244.96 0.64
373.58 162.78 399.78 242.06 0.63
1059.14 186.44 1152.86 221.51 0.59
993.16 165.29 1063.90 311.29 0.58
954.65 159.69 1012.57 313.42 0.53
956.68 159.12 1057.70 312.12 0.51
1031.28 189.95 1063.03 219.22 0.51
259.42 165.59 280.05 231.88 0.46
299.12 161.65 321.59 229.78 0.39
275.00 161.46 295.84 230.88 0.38
837.01 206.97 979.77 284.21 0.31
1147.61 189.61 1195.22 222.98 0.29
1144.44 187.29 1208.03 223.31 0.27
368.83 163.34 389.21 242.47 0.27
