573.60 160.30 629.82 268.69 0.82
952.57 167.15 997.04 299.31 0.68
216.47 156.59 243.19 231.17 0.61
839.49 207.15 924.25 256.52 0.58
1058.69 186.47 1152.26 221.90 0.58
313.10 161.45 337.77 237.68 0.57
910.12 156.81 960.82 304.43 0.56
253.92 164.13 276.00 230.77 0.51
1019.07 188.17 1064.95 219.05 0.45
356.45 164.36 378.34 238.30 0.43
156.30 182.78 191.88 197.88 0.34
287.90 160.23 307.90 229.86 0.33
281.94 161.75 302.55 230.23 0.33
1146.19 189.10 1195.21 223.07 0.28
993.32 183.74 1063.68 219.94 0.26
