721.15 156.70 759.81 290.90 0.66
565.22 161.29 604.69 283.19 0.64
511.84 160.40 555.31 292.05 0.63
703.41 155.77 759.33 291.84 0.58
1059.38 186.26 1153.11 222.26 0.57
749.28 158.47 784.89 283.82 0.57
606.68 161.60 639.62 276.80 0.54
270.40 154.51 289.85 208.98 0.50
417.69 158.00 467.66 267.85 0.50
481.89 159.64 523.27 261.93 0.49
1018.94 189.14 1064.97 219.12 0.49
420.98 158.24 450.49 261.00 0.34
451.73 163.23 480.15 264.66 0.34
1058.66 187.73 1132.43 219.48 0.31
960.10 184.74 1063.97 221.43 0.29
