498.56 162.42 533.78 258.46 0.82
0.11 177.41 96.15 369.50 0.77
833.55 165.10 893.62 284.56 0.72
294.48 156.71 320.63 227.76 0.64
215.30 156.38 239.93 225.13 0.61
807.53 154.99 851.74 285.68 0.61
1059.21 186.26 1153.87 222.19 0.60
248.24 159.35 269.77 223.63 0.47
1018.84 189.08 1065.26 219.15 0.46
318.21 158.29 347.75 226.90 0.42
326.68 158.94 350.24 227.23 0.38
0.00 257.29 136.55 367.85 0.35
284.48 157.16 305.43 232.53 0.29
960.52 184.34 1064.27 221.28 0.29
0.13 268.55 133.12 368.51 0.26
848.95 166.67 889.38 284.76 0.25
