867.70 156.44 945.58 302.87 0.84
547.58 157.27 596.10 268.69 0.75
1058.94 186.09 1154.50 221.88 0.62
216.34 155.62 242.38 226.90 0.61
925.76 167.03 967.45 291.32 0.61
252.57 160.41 274.13 229.04 0.60
337.87 161.72 367.52 238.23 0.52
307.02 161.56 333.43 236.93 0.52
348.33 163.54 369.95 236.18 0.50
287.72 160.23 306.82 231.16 0.45
1019.00 188.71 1065.01 219.27 0.42
839.32 207.00 893.55 251.01 0.41
282.20 161.52 304.31 232.03 0.40
847.03 208.96 968.89 287.44 0.35
978.60 185.72 1063.31 220.33 0.33
333.70 161.32 357.81 235.25 0.32
331.89 160.61 349.90 234.91 0.30
891.26 169.87 971.03 292.83 0.29
1146.53 189.07 1194.90 223.22 0.28
377.90 167.40 394.05 220.80 0.26
