664.22 155.04 731.85 315.99 0.75
483.95 158.34 522.59 265.80 0.74
573.16 157.28 627.59 274.64 0.69
524.56 157.42 565.64 285.89 0.64
261.41 152.70 280.12 206.61 0.60
903.18 151.56 998.90 315.21 0.58
1059.07 186.15 1154.37 221.98 0.58
751.45 162.02 798.97 305.12 0.52
839.48 208.80 917.64 257.69 0.47
726.69 160.59 780.05 309.03 0.47
994.38 186.49 1064.86 220.01 0.46
224.68 155.26 246.23 218.76 0.45
928.92 154.87 1002.25 313.79 0.29
1015.24 187.62 1065.39 219.28 0.28
904.77 156.72 950.01 317.24 0.26
