797.71 153.76 863.07 300.47 0.74
24.63 148.47 66.84 250.50 0.72
902.34 150.06 989.32 342.06 0.68
772.46 149.22 812.92 297.22 0.67
1059.09 186.52 1153.01 221.99 0.60
673.70 156.19 719.80 259.77 0.57
218.68 154.80 239.19 211.52 0.51
1015.99 187.13 1064.83 219.99 0.45
998.27 186.15 1063.35 220.28 0.40
868.85 151.42 938.23 321.24 0.39
927.90 151.42 987.43 345.29 0.37
193.96 154.55 216.36 214.12 0.36
632.82 198.36 729.96 270.53 0.34
610.07 168.41 665.91 271.10 0.30
1145.83 189.17 1194.84 223.11 0.30
188.98 157.66 210.89 212.67 0.27
871.19 150.99 986.64 333.73 0.27
