1092.97 149.22 1223.47 358.13 0.88
849.57 151.82 946.57 348.25 0.78
569.04 158.47 610.01 274.07 0.68
256.46 149.56 276.64 207.05 0.68
636.65 160.53 699.26 300.22 0.58
487.34 166.67 509.40 230.56 0.56
677.70 153.06 715.31 286.14 0.54
952.82 146.44 1025.11 285.83 0.53
1058.32 186.61 1139.91 219.82 0.51
518.21 171.08 538.66 225.96 0.50
597.91 157.99 644.97 274.55 0.50
1003.55 186.38 1063.80 220.24 0.42
159.60 153.81 199.57 227.54 0.41
670.42 154.42 708.84 287.31 0.36
174.90 157.28 199.35 214.34 0.27
