983.83 148.55 1094.15 331.47 0.77
527.29 156.43 564.01 269.80 0.76
615.97 153.68 668.03 278.46 0.75
569.36 159.01 622.53 291.20 0.66
763.17 147.79 816.04 328.35 0.65
256.37 151.08 277.93 206.93 0.64
831.45 155.62 884.11 311.28 0.62
223.57 158.83 243.86 207.38 0.53
1059.94 187.06 1158.31 222.75 0.50
821.34 153.68 874.15 319.49 0.50
805.06 152.07 863.05 322.40 0.43
591.31 159.29 622.78 278.54 0.43
198.92 158.76 220.57 225.80 0.42
1148.34 189.55 1194.33 210.42 0.28
763.24 148.59 852.35 327.73 0.28
470.49 168.82 488.95 218.40 0.27
1147.06 189.55 1195.18 221.73 0.27
