704.48 152.61 755.09 319.64 0.75
499.57 157.61 534.37 268.31 0.74
591.28 153.45 632.12 276.22 0.73
776.10 162.78 824.90 299.48 0.67
913.44 150.34 1007.05 320.79 0.67
538.63 154.10 583.92 285.53 0.66
258.93 152.04 279.65 206.45 0.55
1059.23 186.55 1153.79 222.20 0.54
839.65 209.89 936.46 256.46 0.48
1004.18 188.83 1065.27 220.07 0.43
760.92 157.26 801.95 304.58 0.38
748.45 155.21 794.57 306.36 0.35
782.82 162.60 816.77 299.17 0.30
230.04 156.69 243.27 208.01 0.30
991.84 182.53 1064.23 224.45 0.27
467.99 166.92 486.05 211.44 0.27
