793.74 148.10 874.16 327.19 0.84
680.64 153.51 738.64 292.93 0.79
725.07 154.48 783.66 290.78 0.76
603.89 157.45 642.17 250.69 0.66
80.05 152.22 122.56 239.73 0.63
1059.12 186.43 1152.39 222.28 0.62
236.57 155.30 255.44 210.42 0.57
1165.87 175.34 1223.80 369.72 0.57
207.25 155.47 228.11 210.19 0.48
1019.23 188.86 1064.77 219.22 0.43
541.69 166.81 580.72 253.89 0.39
960.25 184.44 1063.63 221.69 0.35
1116.72 179.34 1223.62 368.26 0.34
1146.21 189.26 1207.83 223.49 0.32
1099.83 188.62 1208.39 224.27 0.27
1147.64 189.29 1195.96 219.40 0.27
