645.40 156.12 731.01 314.50 0.81
870.58 155.71 953.87 318.23 0.78
564.88 158.29 631.74 274.22 0.76
225.78 155.90 248.44 219.12 0.71
476.37 158.57 519.99 264.54 0.68
1059.01 186.11 1154.54 221.98 0.61
260.94 152.38 280.18 207.15 0.58
744.43 161.71 784.36 294.17 0.57
521.03 160.36 565.92 284.56 0.51
1019.01 188.02 1064.95 219.26 0.44
719.08 161.02 759.91 296.47 0.43
839.61 205.95 895.49 253.77 0.38
967.48 186.16 1064.08 220.70 0.34
717.84 166.01 746.77 293.81 0.32
1058.68 187.52 1131.35 219.49 0.28
253.78 149.65 280.76 209.03 0.28
