1076.41 144.72 1185.03 347.25 0.76
557.51 156.05 595.88 271.33 0.67
256.67 150.71 276.80 206.95 0.66
656.24 150.12 699.87 283.65 0.64
599.68 156.31 630.11 271.41 0.63
821.34 149.21 890.26 338.99 0.60
912.13 149.36 966.91 289.15 0.51
625.44 157.06 674.74 287.45 0.46
483.94 167.16 503.32 226.17 0.43
1154.61 167.12 1191.60 216.03 0.43
515.75 164.99 534.80 217.31 0.42
635.71 154.76 671.04 285.75 0.39
870.42 158.60 961.22 336.64 0.36
1016.03 186.89 1064.43 219.47 0.36
621.62 163.46 662.30 278.49 0.29
