1144.92 148.74 1223.43 359.89 0.80
863.95 155.02 969.85 356.11 0.71
620.35 155.82 662.43 274.44 0.68
578.66 156.92 621.79 278.07 0.68
255.22 150.43 275.82 208.31 0.63
690.23 155.09 736.92 289.61 0.60
160.98 152.15 190.12 222.76 0.54
940.81 157.01 1024.05 326.06 0.49
837.69 208.20 901.76 257.54 0.45
660.56 160.58 702.80 290.78 0.42
1059.71 185.76 1157.64 223.26 0.40
494.02 166.46 513.28 226.57 0.38
993.45 140.69 1079.55 286.35 0.38
525.28 164.18 546.12 226.10 0.33
842.39 199.04 1044.49 297.97 0.30
549.47 165.77 564.69 206.79 0.28
