853.59 147.91 944.94 334.54 0.82
723.72 154.43 795.52 300.88 0.82
781.57 152.10 825.42 292.65 0.74
45.17 148.26 79.66 241.32 0.73
587.26 165.46 635.51 269.87 0.61
226.38 156.76 244.12 210.01 0.60
1058.98 186.32 1154.25 222.18 0.60
647.92 158.21 692.51 257.79 0.56
959.17 184.93 1064.81 222.44 0.51
1018.64 188.21 1064.75 219.98 0.46
581.55 202.10 636.26 274.20 0.44
1001.71 186.63 1063.31 219.97 0.36
196.18 160.99 218.71 214.32 0.32
189.95 160.53 210.08 212.27 0.26
1146.03 189.09 1195.67 223.15 0.26
