934.96 143.76 983.59 320.45 0.75
841.44 153.08 898.68 307.39 0.72
969.96 150.47 1030.62 348.17 0.72
721.86 155.32 773.74 257.74 0.70
210.97 153.27 231.14 212.81 0.67
795.30 151.17 859.33 311.19 0.65
1058.84 186.22 1153.40 221.71 0.60
634.62 204.44 708.52 286.40 0.53
180.73 158.06 205.01 214.30 0.52
811.61 152.97 857.19 309.11 0.49
1.10 145.42 37.03 253.48 0.41
647.71 168.84 701.74 251.58 0.38
420.53 165.50 441.62 224.37 0.36
703.31 195.13 798.54 276.66 0.34
1015.27 177.79 1063.50 220.57 0.29
1146.56 189.36 1195.11 222.71 0.27
1007.92 245.59 1029.34 299.53 0.27
1023.31 195.55 1062.74 220.54 0.26
