714.89 167.97 768.04 293.25 0.73
633.69 154.51 686.24 307.51 0.70
852.18 151.78 933.92 311.55 0.69
557.77 154.29 602.16 266.62 0.64
851.49 150.31 908.74 311.03 0.64
468.02 155.18 502.89 262.84 0.62
262.53 151.51 281.75 205.76 0.61
1059.36 186.29 1154.20 222.28 0.60
507.23 160.94 546.01 281.10 0.59
673.90 157.65 727.91 305.86 0.53
234.42 157.10 253.51 216.85 0.47
1018.41 189.09 1064.65 219.16 0.46
964.82 186.54 1063.27 221.04 0.31
1058.68 187.59 1133.01 219.58 0.28
1148.14 189.59 1195.26 223.05 0.25
