594.70 155.00 635.79 277.95 0.75
630.92 156.65 675.86 275.69 0.74
1063.00 143.03 1171.17 304.95 0.69
930.24 151.56 1039.95 354.29 0.65
253.75 153.47 272.94 208.78 0.59
676.75 156.43 719.59 300.07 0.58
705.60 152.96 740.36 288.72 0.58
151.95 154.69 175.51 233.30 0.55
926.33 147.15 991.08 355.35 0.43
498.89 169.22 517.38 226.89 0.42
1160.60 199.46 1223.45 361.60 0.42
1019.79 188.57 1066.62 219.61 0.41
1138.52 187.97 1223.62 232.75 0.39
839.88 207.64 932.18 258.14 0.37
1112.17 188.14 1223.79 240.97 0.36
838.24 190.60 1051.57 273.74 0.34
534.69 163.53 563.20 227.13 0.28
