587.52 158.94 633.52 302.70 0.73
788.06 154.18 857.22 302.89 0.69
525.49 158.47 567.83 268.03 0.67
1059.38 186.10 1153.45 222.04 0.59
618.49 167.42 680.41 301.34 0.49
448.86 158.26 482.91 266.33 0.47
486.96 161.49 516.25 273.58 0.47
667.67 157.30 717.90 287.18 0.46
830.05 161.14 884.57 302.25 0.44
1019.12 189.10 1065.00 219.34 0.44
240.44 154.69 263.38 215.39 0.43
266.77 152.94 285.15 205.61 0.37
634.40 165.41 684.38 296.90 0.34
787.94 149.97 836.03 301.95 0.32
960.46 184.19 1063.83 221.59 0.31
818.85 159.12 876.66 301.66 0.25
