980.08 149.37 1080.74 327.77 0.82
518.91 157.34 555.19 270.50 0.74
748.24 152.47 803.23 321.36 0.71
562.43 157.42 611.84 285.95 0.65
615.49 152.67 655.21 277.08 0.64
257.05 151.23 278.50 206.59 0.60
1055.71 186.70 1154.45 220.53 0.58
812.80 157.23 876.79 314.04 0.48
225.05 158.91 244.41 207.74 0.48
796.51 156.22 857.66 316.35 0.47
198.72 156.82 226.44 224.86 0.44
794.89 153.49 839.13 315.09 0.32
826.93 160.29 876.40 301.03 0.30
1148.01 189.50 1194.30 211.68 0.26
1146.83 189.52 1195.19 222.62 0.26
