999.89 150.97 1113.62 341.75 0.85
533.26 155.61 574.28 269.44 0.77
766.35 152.29 849.69 330.42 0.75
256.59 151.55 277.06 206.99 0.67
845.91 159.09 886.48 308.41 0.55
626.16 152.21 683.71 282.73 0.54
197.36 155.32 218.01 224.60 0.52
580.60 160.25 629.10 294.38 0.51
223.43 158.04 243.92 207.84 0.50
569.46 159.21 605.34 268.12 0.49
804.38 154.93 855.23 329.43 0.41
618.56 148.25 665.49 281.45 0.41
568.14 160.94 617.98 270.07 0.37
819.67 157.89 859.90 324.60 0.36
1100.82 187.90 1194.56 222.58 0.34
1089.35 187.72 1167.50 221.41 0.34
850.51 165.18 886.87 283.58 0.33
1075.55 187.53 1153.60 221.45 0.31
593.01 160.32 638.68 290.30 0.31
1090.66 146.22 1111.62 192.33 0.27
470.44 167.84 489.53 218.69 0.26
