855.41 155.25 947.73 318.71 0.85
637.95 159.24 729.87 313.52 0.83
474.80 160.41 514.65 264.60 0.76
565.93 156.62 618.52 274.02 0.67
228.80 156.27 249.34 214.68 0.66
1059.03 186.23 1153.72 222.03 0.62
515.86 166.62 560.25 285.14 0.61
739.79 163.84 774.36 278.51 0.55
259.83 152.84 279.96 206.55 0.47
1018.76 189.01 1065.11 219.18 0.47
709.99 160.22 747.29 286.50 0.46
732.68 162.01 770.85 295.61 0.45
960.62 186.14 1063.70 220.86 0.36
916.02 158.88 949.02 281.83 0.29
838.84 208.87 882.61 250.79 0.29
718.93 161.79 744.89 283.12 0.28
1148.06 189.64 1195.15 222.33 0.26
