907.85 150.02 1018.21 346.72 0.77
809.89 154.59 874.78 302.45 0.76
20.78 148.31 59.11 249.16 0.68
687.90 157.42 732.44 256.98 0.66
1059.12 186.31 1152.57 221.97 0.60
778.64 149.95 823.35 305.45 0.60
630.12 165.09 674.06 257.31 0.59
215.21 149.81 235.97 211.43 0.55
611.82 193.09 747.88 279.74 0.41
997.06 186.90 1063.85 220.27 0.40
1016.26 187.94 1065.30 219.78 0.37
640.63 199.45 746.12 272.55 0.34
184.44 157.62 203.84 211.91 0.31
667.83 199.65 747.26 267.95 0.28
1146.92 189.48 1195.24 222.46 0.28
614.36 202.86 703.18 278.70 0.27
958.94 163.91 998.44 248.18 0.26
