789.51 151.32 866.09 325.21 0.86
713.22 154.21 780.43 290.23 0.80
1155.10 141.56 1223.71 369.37 0.78
84.42 150.86 125.49 238.78 0.70
676.03 150.34 725.85 291.05 0.63
238.48 154.23 256.95 209.46 0.58
206.76 156.92 226.42 210.24 0.57
1058.50 186.47 1146.58 221.28 0.54
598.93 159.84 636.85 248.94 0.53
1019.30 189.26 1064.99 218.88 0.47
1148.65 189.09 1190.26 215.41 0.37
959.75 184.63 1063.90 221.71 0.36
536.99 168.23 573.40 251.70 0.36
1100.35 187.48 1191.93 221.86 0.31
467.46 168.49 484.52 207.62 0.28
1140.37 187.92 1190.43 221.37 0.26
535.72 182.24 569.84 252.14 0.25
