791.99 151.55 850.29 295.72 0.77
664.89 155.18 709.89 258.35 0.72
29.78 147.69 68.13 245.94 0.71
887.83 151.63 972.73 337.84 0.68
763.46 146.23 797.07 303.24 0.64
1059.02 186.47 1153.54 222.16 0.61
655.06 201.46 715.56 264.41 0.55
864.96 150.23 958.39 330.63 0.50
603.75 166.85 652.76 252.45 0.49
599.20 204.15 655.79 275.73 0.49
224.25 156.27 241.29 211.28 0.45
1018.43 188.04 1064.71 219.33 0.44
988.94 186.50 1063.48 220.79 0.37
192.71 154.86 217.17 213.09 0.32
964.16 184.93 1065.12 221.75 0.31
189.50 155.69 210.26 212.44 0.30
1147.10 189.46 1195.25 222.98 0.28
