988.92 151.32 1110.69 359.02 0.85
833.40 154.25 901.22 318.63 0.82
950.86 148.13 1021.97 323.39 0.73
174.60 148.23 202.00 213.87 0.65
203.85 149.87 226.32 214.76 0.63
659.29 207.10 747.03 293.30 0.54
880.79 152.94 925.57 311.32 0.51
765.48 152.87 829.89 259.30 0.50
678.33 165.01 732.70 250.61 0.50
1089.78 187.75 1155.50 222.06 0.45
406.21 164.41 426.68 229.08 0.42
746.57 202.49 848.03 278.90 0.35
1143.62 187.13 1197.29 221.93 0.29
1149.41 189.41 1194.57 213.24 0.26
1067.51 184.78 1153.73 219.02 0.26
1089.07 187.99 1190.20 222.80 0.25
