574.75 156.54 621.54 298.62 0.71
522.50 154.64 559.97 268.83 0.71
786.64 152.10 844.39 301.57 0.70
606.63 162.79 677.48 294.97 0.63
659.57 161.72 708.32 285.00 0.59
1059.18 185.91 1154.06 222.10 0.58
787.20 152.94 826.23 303.36 0.58
445.70 156.19 479.55 264.20 0.56
478.67 159.59 512.91 274.78 0.54
1018.58 188.90 1064.70 219.01 0.45
269.10 153.71 285.28 205.72 0.34
241.24 155.92 261.95 211.91 0.33
797.81 159.35 862.57 298.31 0.32
960.44 184.34 1063.79 221.25 0.26
818.95 159.27 863.34 298.25 0.26
