1148.99 145.71 1223.69 361.64 0.75
591.31 156.02 628.19 277.76 0.74
631.27 155.61 670.43 278.06 0.66
890.49 154.53 971.77 356.89 0.65
253.58 152.47 273.72 208.91 0.62
667.51 155.96 712.71 303.19 0.61
838.85 207.52 916.57 256.60 0.57
703.01 156.34 735.51 289.42 0.55
156.35 154.49 183.48 230.09 0.53
495.61 165.98 515.65 229.77 0.50
1191.59 130.84 1223.72 366.74 0.48
531.49 160.36 552.60 229.09 0.38
1147.29 188.54 1199.12 223.37 0.34
1093.62 187.12 1198.14 226.28 0.33
968.77 165.95 1034.60 339.06 0.30
892.34 150.55 1028.41 353.34 0.25
979.67 164.02 1032.16 277.89 0.25
