195.23 196.29 392.46 315.82 0.90
380.32 189.10 470.76 260.30 0.75
918.88 141.12 1119.86 209.78 0.75
442.24 189.45 502.38 234.14 0.74
694.25 173.46 753.30 214.33 0.71
0.00 232.36 166.29 369.90 0.69
622.31 172.21 665.63 210.86 0.52
481.90 181.71 541.35 221.24 0.47
662.00 173.64 705.66 203.45 0.40
1095.61 139.68 1241.57 189.10 0.39
544.38 183.63 559.15 206.75 0.39
509.63 179.45 549.66 214.71 0.35
483.16 181.11 554.29 212.76 0.33
478.65 182.87 522.55 224.65 0.29
467.60 189.07 503.96 231.88 0.29
1179.98 147.55 1241.04 186.78 0.27
