720.17 159.63 823.78 208.41 0.68
508.25 173.93 555.51 205.77 0.61
974.95 146.56 1076.79 173.98 0.59
582.38 170.84 611.58 189.84 0.59
1200.87 142.05 1241.44 180.60 0.49
876.55 148.57 924.67 171.28 0.45
659.49 158.17 697.47 187.09 0.41
876.49 148.91 943.70 171.77 0.33
541.87 172.95 567.70 198.58 0.32
551.63 172.40 581.53 192.35 0.31
1002.52 148.02 1076.41 174.08 0.29
1173.14 142.67 1211.45 175.72 0.29
948.03 143.77 1007.35 174.34 0.27
857.24 55.29 909.59 102.86 0.26
1172.71 141.40 1241.45 177.51 0.26
