689.59 166.13 798.65 206.85 0.74
505.16 182.73 544.82 209.50 0.66
642.62 173.07 671.13 192.49 0.58
1043.56 149.48 1110.09 182.64 0.45
905.54 140.67 970.78 179.74 0.45
1156.15 262.39 1198.68 321.85 0.43
581.11 175.58 611.72 193.67 0.38
1099.66 148.70 1161.90 185.00 0.38
569.36 176.85 606.36 195.07 0.37
840.00 157.18 901.85 180.53 0.32
1150.35 148.49 1241.06 189.63 0.32
1156.97 262.28 1197.75 299.97 0.31
622.06 176.36 641.87 193.30 0.30
1042.73 148.40 1157.57 186.05 0.29
1076.07 149.07 1159.13 183.95 0.28
840.23 157.98 874.90 179.26 0.28
868.34 157.13 904.75 179.35 0.25
