733.77 164.79 909.82 228.14 0.76
312.44 212.54 338.59 273.51 0.69
466.53 183.05 517.91 222.11 0.68
548.33 175.05 582.76 206.11 0.62
649.18 172.76 687.04 199.07 0.53
521.43 182.34 551.76 208.58 0.45
1033.22 144.85 1140.37 179.64 0.44
511.14 182.39 539.65 210.22 0.43
976.31 145.50 1044.71 178.87 0.42
894.23 150.30 935.07 178.61 0.42
933.66 152.20 972.33 177.79 0.41
606.21 176.71 644.06 199.86 0.33
539.26 179.33 575.75 206.98 0.32
606.02 177.36 633.52 199.58 0.32
894.65 151.15 970.50 179.21 0.30
869.42 144.80 934.26 177.95 0.29
964.99 129.39 1045.48 178.57 0.27
760.31 155.54 834.66 189.41 0.26
