945.07 152.30 1023.78 179.68 0.65
645.28 170.79 680.84 192.70 0.59
506.68 179.76 542.51 207.87 0.58
582.90 172.89 613.73 192.01 0.57
701.30 164.12 816.98 208.26 0.54
1071.23 148.77 1140.25 181.16 0.48
852.52 154.43 885.88 178.63 0.40
1133.94 144.79 1208.67 182.82 0.39
540.97 177.03 566.23 196.46 0.37
1178.19 147.43 1241.63 189.12 0.34
507.14 178.79 555.22 207.26 0.33
575.74 175.03 606.72 192.41 0.32
853.27 154.73 917.14 177.91 0.31
1133.29 145.13 1236.92 186.62 0.29
538.67 178.95 562.81 200.83 0.26
923.66 143.78 976.09 177.84 0.26
