0.82 190.79 433.25 371.59 0.89
451.41 189.07 503.98 233.14 0.74
402.19 192.33 470.39 252.00 0.70
935.20 146.40 1062.51 204.14 0.64
887.02 144.71 1062.14 206.24 0.64
675.88 176.37 735.22 217.26 0.49
518.29 185.50 548.22 214.47 0.40
448.79 190.31 481.73 235.99 0.40
606.14 175.20 645.74 192.56 0.39
1055.13 144.65 1131.10 184.66 0.37
610.03 178.71 650.06 214.22 0.36
1180.07 134.35 1242.00 184.42 0.35
1130.76 149.65 1191.42 185.54 0.32
510.54 185.62 545.00 218.03 0.31
541.11 186.01 555.20 204.48 0.27
