806.32 162.21 1114.88 271.76 0.90
790.25 154.03 908.91 199.42 0.87
383.45 188.82 457.37 244.84 0.84
490.29 180.34 547.93 233.61 0.71
1150.86 150.27 1211.59 186.84 0.52
1151.76 147.72 1236.79 186.39 0.51
1058.33 143.84 1156.71 186.29 0.51
450.82 185.05 492.41 235.22 0.50
648.56 176.92 688.11 204.29 0.49
637.45 174.00 687.79 205.69 0.48
591.47 179.32 625.61 205.75 0.29
547.52 176.54 568.89 193.18 0.27
1024.90 141.92 1155.84 191.38 0.27
1195.01 144.80 1241.51 185.93 0.27
458.96 183.51 503.27 233.29 0.26
