0.00 197.60 375.00 375.00 0.94
1024.19 156.74 1241.49 345.81 0.87
365.22 194.75 500.30 285.18 0.84
705.10 177.89 783.71 243.51 0.83
796.00 170.64 845.54 211.96 0.65
465.96 181.88 533.02 248.52 0.63
756.21 168.29 803.73 215.31 0.59
510.78 175.92 568.40 216.16 0.58
928.54 165.07 1134.59 252.94 0.57
880.15 155.38 914.10 170.42 0.56
912.65 155.16 982.49 189.46 0.46
761.27 167.29 846.59 213.59 0.39
422.24 178.76 532.07 249.77 0.33
490.61 184.10 534.31 245.40 0.32
909.98 165.33 953.54 189.29 0.31
928.07 156.11 983.23 186.09 0.27
