0.00 196.45 385.30 372.70 0.92
901.79 145.08 1077.38 207.34 0.85
312.49 200.29 407.55 280.06 0.70
395.64 192.99 473.77 257.52 0.69
450.14 186.37 503.59 233.66 0.63
1145.45 150.03 1209.13 186.59 0.55
682.14 178.19 740.80 214.76 0.50
609.89 175.17 653.63 211.67 0.46
514.95 184.86 548.35 216.17 0.39
646.24 179.74 674.37 206.34 0.36
699.24 179.31 741.38 211.92 0.36
681.71 178.84 726.15 217.59 0.32
1071.20 144.17 1147.16 188.13 0.32
506.75 185.28 545.01 219.90 0.31
447.79 191.03 479.31 237.69 0.30
542.46 185.68 555.41 204.81 0.29
361.09 199.72 407.11 280.35 0.28
