794.97 162.86 1085.32 266.86 0.91
390.44 188.42 463.20 243.35 0.82
783.18 155.52 899.03 200.08 0.74
1137.92 145.47 1241.08 187.19 0.72
490.21 179.61 550.22 232.75 0.71
1025.04 145.15 1144.15 187.41 0.58
651.50 177.06 685.32 203.66 0.55
542.14 176.41 566.31 194.00 0.49
638.89 175.72 685.45 205.06 0.48
588.83 180.27 619.09 206.13 0.47
452.93 184.22 493.04 229.20 0.45
543.04 177.17 572.09 195.89 0.41
1168.68 144.27 1242.00 186.61 0.34
449.87 184.89 486.71 223.43 0.28
1135.34 147.69 1205.60 187.05 0.27
