0.65 204.90 347.26 373.95 0.91
784.10 185.56 943.49 289.80 0.90
427.21 183.30 526.66 250.93 0.85
507.66 182.84 551.11 232.00 0.66
746.47 186.91 827.73 253.05 0.60
711.64 175.25 770.08 228.47 0.57
834.00 162.44 865.53 187.72 0.54
322.43 186.40 354.51 204.35 0.51
662.66 175.52 698.51 195.95 0.37
668.55 174.29 703.63 194.98 0.37
533.73 180.37 567.05 220.07 0.37
849.75 2.17 1241.21 207.78 0.35
392.24 187.99 428.48 202.83 0.35
568.31 178.03 614.77 204.29 0.35
502.62 182.68 536.58 237.57 0.30
530.49 181.89 562.34 225.68 0.30
744.70 185.26 801.37 248.54 0.28
389.01 187.05 406.54 203.50 0.26
