0.38 208.78 314.92 373.14 0.92
791.23 186.96 966.89 299.00 0.91
414.60 183.65 519.04 252.25 0.80
502.84 184.12 546.99 233.39 0.69
320.19 187.42 368.44 209.92 0.63
748.72 187.37 830.21 257.93 0.61
320.01 187.32 352.29 208.50 0.57
710.44 173.80 770.04 229.55 0.51
380.10 187.69 418.51 205.14 0.45
661.35 174.96 700.54 197.16 0.44
844.04 158.27 872.03 190.98 0.44
566.17 176.90 612.42 205.91 0.42
391.42 188.15 430.50 204.25 0.40
673.12 174.72 702.72 194.99 0.39
500.14 183.42 534.13 235.71 0.38
531.13 181.83 565.28 218.33 0.36
746.20 187.18 772.48 237.34 0.34
511.88 184.12 551.86 229.00 0.32
1111.43 187.16 1168.80 260.04 0.28
379.32 187.22 427.26 207.95 0.27
797.21 170.01 831.72 186.99 0.26
