263.39 193.82 484.60 344.55 0.90
817.53 190.02 1050.14 349.52 0.84
0.50 237.12 337.53 372.12 0.84
759.58 165.75 882.34 212.17 0.79
1118.49 171.03 1241.05 227.41 0.69
465.13 179.41 560.22 245.70 0.59
679.52 162.46 742.71 188.20 0.51
1064.03 164.88 1118.46 201.97 0.44
1014.07 176.20 1067.48 203.13 0.42
1106.57 155.40 1145.05 179.54 0.41
816.33 184.01 927.48 246.94 0.39
1014.81 169.30 1074.12 203.28 0.38
1015.44 164.34 1115.67 202.86 0.37
529.31 189.05 560.96 230.76 0.33
1107.05 157.31 1145.88 187.21 0.26
