910.84 198.16 1241.10 370.05 0.91
0.00 214.61 229.46 373.69 0.90
263.12 168.59 444.25 297.28 0.84
773.58 186.32 923.62 284.75 0.84
459.38 177.77 559.06 245.02 0.78
636.04 174.33 701.38 213.70 0.52
731.44 163.48 784.79 188.49 0.50
755.37 177.12 820.83 248.51 0.47
654.75 174.76 707.74 210.98 0.42
975.49 156.78 1019.29 194.17 0.35
705.38 170.26 733.38 193.11 0.34
908.51 155.91 982.32 202.05 0.34
741.95 160.60 787.70 186.45 0.29
902.80 156.02 951.09 187.20 0.28
756.50 171.96 838.22 222.81 0.27
679.47 172.74 706.86 198.45 0.26
