797.11 181.18 1000.44 308.93 0.90
131.28 167.08 395.43 336.83 0.87
423.43 178.60 540.07 251.02 0.84
764.05 175.99 841.49 257.99 0.69
734.67 156.73 782.26 183.75 0.54
623.38 168.96 687.09 214.39 0.50
927.76 147.51 997.86 195.64 0.44
669.54 169.50 703.29 207.48 0.44
1046.37 297.19 1240.50 372.65 0.43
1178.49 279.65 1241.42 346.55 0.35
702.47 167.08 730.17 194.75 0.35
626.77 169.63 702.93 210.28 0.35
992.31 146.26 1042.95 192.42 0.34
696.59 168.48 723.59 200.02 0.30
686.16 167.94 707.79 202.51 0.30
