0.20 179.25 378.99 369.10 0.92
1045.39 191.91 1241.50 350.47 0.90
583.15 182.28 705.72 256.90 0.82
958.52 178.99 1043.64 244.67 0.81
720.12 172.00 785.70 218.74 0.69
908.09 169.82 945.77 190.09 0.56
550.99 173.79 582.84 193.89 0.51
937.47 173.75 976.93 217.22 0.42
935.63 173.99 964.54 210.09 0.37
768.70 173.28 800.02 211.37 0.36
555.47 174.93 590.16 193.14 0.34
1075.26 1.76 1241.32 198.65 0.32
921.07 170.51 949.57 194.17 0.31
827.20 166.76 859.91 189.81 0.30
1075.47 2.31 1241.64 199.39 0.29
775.96 173.73 804.49 206.99 0.26
