931.18 200.41 1241.08 373.14 0.93
223.63 184.38 457.05 318.15 0.89
795.58 183.93 1003.59 308.59 0.85
584.92 174.06 681.13 229.54 0.75
714.07 156.88 763.29 188.81 0.54
637.86 172.65 682.29 226.14 0.47
0.00 163.63 41.91 367.92 0.45
709.79 160.05 746.04 189.48 0.44
678.54 169.74 708.53 197.92 0.40
973.72 148.38 1042.74 204.70 0.33
175.93 187.29 211.21 212.12 0.32
941.76 148.25 996.84 190.95 0.31
557.73 172.61 593.77 192.03 0.31
807.27 166.09 871.02 183.26 0.31
241.69 186.76 277.28 211.22 0.30
939.56 151.24 985.73 192.72 0.28
814.81 165.09 868.48 186.57 0.27
176.92 189.14 235.13 214.23 0.26
648.45 171.35 685.06 213.51 0.25
