0.00 228.90 369.86 371.37 0.88
303.79 194.77 494.52 331.16 0.87
802.50 185.15 1006.66 334.28 0.85
756.79 166.11 874.67 212.23 0.75
660.01 165.15 717.37 186.47 0.66
1102.34 170.71 1233.96 224.00 0.57
473.38 180.11 560.06 246.33 0.57
1006.22 162.47 1107.03 202.43 0.47
1036.94 162.20 1107.99 202.16 0.41
1103.25 171.45 1170.75 222.57 0.39
1006.30 170.84 1064.66 202.54 0.39
533.58 197.34 563.60 230.26 0.37
1095.28 156.49 1134.28 178.90 0.29
1199.79 163.93 1241.51 197.54 0.27
1156.96 174.98 1235.12 221.71 0.25
