1022.96 209.59 1241.42 369.89 0.91
323.93 194.47 517.06 307.07 0.86
821.44 187.96 910.58 259.69 0.79
537.79 182.71 609.16 233.66 0.77
766.02 178.85 807.29 223.26 0.48
733.51 175.13 764.89 196.25 0.48
787.59 180.95 826.69 236.75 0.46
766.51 175.76 831.96 227.83 0.43
787.12 176.42 839.47 236.29 0.41
596.72 182.79 628.53 218.79 0.41
857.39 167.46 902.25 189.91 0.37
593.76 182.90 624.91 227.14 0.36
501.32 182.64 536.20 200.50 0.32
730.34 176.33 766.31 201.70 0.29
769.93 177.84 818.68 226.60 0.28
607.56 182.11 642.43 217.08 0.27
