843.55 190.52 1132.91 356.68 0.90
361.31 187.23 497.02 275.46 0.81
906.44 152.49 946.53 197.05 0.76
767.80 188.93 889.82 279.62 0.71
470.41 184.27 527.69 243.53 0.64
728.99 180.70 795.46 242.14 0.53
514.73 179.67 554.09 214.36 0.53
879.76 1.65 1241.11 203.19 0.50
672.97 174.89 705.50 200.16 0.46
556.54 182.03 607.27 215.26 0.46
661.44 175.29 702.97 199.23 0.41
513.88 179.67 555.90 226.68 0.40
356.53 186.06 393.69 206.96 0.39
315.21 188.95 341.57 207.77 0.38
0.31 270.49 80.98 373.22 0.36
711.20 178.71 750.01 226.05 0.35
712.33 175.51 767.49 226.35 0.26
