0.00 213.77 276.37 374.35 0.90
802.24 189.69 996.58 308.03 0.88
402.51 185.62 515.19 261.90 0.83
752.22 187.81 841.71 260.19 0.66
496.66 183.82 539.91 236.68 0.63
318.33 188.34 351.42 207.64 0.61
854.37 159.71 888.19 193.11 0.57
671.64 174.47 703.86 198.37 0.48
712.31 174.71 778.74 231.78 0.46
661.44 174.12 703.37 199.81 0.45
564.30 178.31 608.97 209.07 0.43
525.78 181.13 561.69 225.59 0.39
317.46 188.51 359.16 210.13 0.37
376.44 187.23 405.40 205.81 0.35
707.27 177.59 766.46 227.90 0.34
516.31 183.67 557.06 233.44 0.31
748.17 185.16 782.45 236.14 0.29
854.95 1.58 1239.88 206.72 0.28
