859.92 185.80 1241.47 371.99 0.92
1.34 188.81 418.46 374.21 0.92
671.10 176.29 737.26 226.96 0.77
382.02 185.94 470.61 270.32 0.75
846.18 167.84 930.49 214.90 0.74
453.82 181.83 516.85 242.23 0.68
511.68 170.99 577.06 214.95 0.56
1188.26 136.44 1241.64 188.49 0.50
815.82 169.58 868.09 208.67 0.48
798.84 167.26 866.26 206.04 0.47
929.52 161.16 998.56 204.60 0.40
533.28 169.11 586.21 207.29 0.40
622.84 147.15 667.97 195.68 0.37
729.55 165.71 777.60 192.87 0.37
724.08 165.32 760.51 191.99 0.35
562.57 172.48 588.18 202.77 0.28
512.16 168.93 587.79 206.69 0.27
735.33 166.47 785.64 194.49 0.27
793.10 169.31 846.99 203.95 0.27
943.82 129.43 1199.84 219.97 0.27
