126.15 191.63 388.80 343.56 0.90
367.07 183.02 472.98 267.81 0.85
885.98 165.81 995.79 223.97 0.83
671.37 180.45 748.99 238.57 0.72
987.49 156.73 1112.68 225.93 0.72
838.70 165.74 908.48 217.97 0.62
1081.48 135.23 1241.40 240.64 0.61
468.58 173.57 544.64 223.59 0.47
753.49 167.28 792.13 197.81 0.40
483.35 165.66 561.27 215.25 0.34
25.24 195.63 87.87 228.95 0.33
83.69 200.86 120.58 216.85 0.33
789.43 168.47 851.34 204.92 0.32
804.89 168.65 854.23 202.74 0.29
141.22 200.22 173.78 219.22 0.29
753.89 168.24 803.87 201.31 0.27
