0.35 216.28 297.19 373.44 0.87
392.17 177.01 511.26 255.59 0.82
743.93 176.46 916.64 290.44 0.80
1192.59 148.71 1241.60 271.29 0.77
1041.71 150.83 1226.36 248.46 0.76
967.32 157.51 1078.44 230.98 0.73
592.44 173.76 628.58 193.47 0.67
541.17 174.14 573.79 212.98 0.60
710.91 182.51 768.12 242.46 0.56
915.98 156.44 1015.47 223.37 0.46
465.09 159.77 548.67 229.03 0.36
911.02 163.03 997.61 224.50 0.32
748.37 152.55 869.47 227.39 0.30
497.48 163.13 549.41 225.73 0.29
885.40 164.03 967.88 222.20 0.29
466.85 159.27 548.66 228.09 0.29
