945.89 163.91 1076.25 236.55 0.90
0.14 203.87 292.83 372.79 0.89
262.87 190.26 439.26 306.80 0.84
1084.10 156.64 1228.67 238.43 0.84
878.49 168.71 973.30 229.31 0.76
448.05 179.86 530.32 232.37 0.64
678.76 179.88 780.71 249.65 0.63
489.42 166.77 558.43 213.77 0.54
428.09 184.26 469.90 212.51 0.42
784.81 179.91 824.35 207.88 0.35
425.80 183.35 476.19 225.65 0.34
778.45 172.29 825.66 207.26 0.31
761.22 169.22 807.87 200.46 0.29
787.40 171.35 852.40 208.42 0.28
842.17 169.05 914.08 210.92 0.27
816.60 171.10 859.85 203.40 0.26
548.58 178.79 571.58 208.35 0.25
