92.57 195.60 410.18 362.35 0.90
1009.81 162.95 1161.20 246.74 0.87
432.78 178.13 526.93 239.79 0.85
1185.63 155.57 1241.62 251.49 0.80
927.67 165.38 1036.81 237.80 0.78
0.28 234.02 133.88 372.12 0.74
702.86 185.34 817.48 260.99 0.58
478.16 166.11 554.99 218.59 0.45
797.79 175.45 840.44 208.41 0.41
795.51 168.33 848.97 207.18 0.37
617.31 140.52 669.18 202.11 0.35
0.00 197.17 44.00 224.82 0.32
691.12 185.19 726.64 227.30 0.32
689.25 185.66 728.02 240.37 0.32
546.44 177.96 570.89 211.66 0.30
881.51 168.37 968.53 224.33 0.28
819.04 171.76 853.55 208.99 0.28
831.65 168.81 881.30 210.60 0.26
823.22 170.15 872.16 207.72 0.25
