0.00 206.69 281.77 371.75 0.90
255.45 192.40 433.62 306.24 0.85
858.08 169.27 949.10 222.73 0.82
667.07 179.17 737.85 234.45 0.74
951.83 161.44 1043.88 218.86 0.64
816.69 170.52 877.65 216.41 0.64
1026.82 287.60 1241.42 372.64 0.63
417.11 187.36 492.99 256.48 0.54
488.97 178.34 540.89 223.64 0.49
727.25 169.14 780.55 199.44 0.48
1005.38 125.86 1241.15 278.02 0.46
722.93 168.50 768.93 198.25 0.40
499.67 171.31 574.36 211.52 0.37
492.05 173.36 560.36 221.91 0.37
800.40 170.77 855.90 209.51 0.36
552.25 174.96 575.82 206.24 0.33
417.46 187.65 468.42 258.24 0.32
612.46 147.79 657.39 200.41 0.27
