0.17 199.67 322.52 372.31 0.91
1056.53 156.24 1196.30 233.47 0.88
294.72 189.14 446.95 297.30 0.85
927.19 164.81 1051.00 234.59 0.84
862.83 167.57 950.37 224.13 0.72
673.82 176.03 772.36 246.63 0.69
457.36 175.74 533.06 229.32 0.57
490.93 167.19 561.93 213.82 0.42
757.63 167.45 810.97 203.29 0.40
0.54 202.53 74.87 248.50 0.35
424.73 184.49 464.58 215.11 0.34
466.29 169.26 559.11 222.00 0.34
766.27 172.89 807.01 205.09 0.31
769.64 169.49 829.42 206.14 0.29
802.42 172.31 844.79 208.71 0.28
423.89 185.92 465.60 224.65 0.28
525.26 170.79 567.60 210.88 0.27
859.33 167.17 939.76 208.89 0.26
0.62 201.05 75.57 235.10 0.25
