409.73 176.97 588.61 291.83 0.88
826.54 194.19 1136.49 371.03 0.88
739.85 169.91 785.75 211.63 0.67
611.08 163.51 670.14 203.11 0.61
791.57 166.78 938.23 277.27 0.55
0.17 196.54 28.74 223.73 0.49
575.23 174.13 613.71 217.31 0.45
785.06 160.66 853.98 208.96 0.36
1068.15 139.79 1211.54 220.09 0.35
943.53 144.30 1081.54 216.53 0.34
123.61 189.86 172.38 211.39 0.33
783.58 161.77 825.24 206.35 0.31
1067.11 140.23 1215.85 220.68 0.29
1192.65 192.07 1241.57 229.11 0.28
1198.54 138.75 1241.47 203.27 0.26
