1115.06 153.56 1241.38 243.23 0.90
0.23 211.85 250.62 374.00 0.89
964.76 165.02 1097.40 240.61 0.88
220.02 191.03 432.00 320.40 0.83
442.63 179.06 528.61 234.22 0.81
896.25 167.04 993.47 226.26 0.64
486.73 165.96 555.98 215.23 0.52
778.96 170.04 834.30 208.14 0.42
801.23 176.95 833.49 208.75 0.42
692.70 186.29 792.47 255.48 0.40
827.80 168.30 884.74 215.12 0.35
506.04 168.47 553.97 216.58 0.35
860.04 168.55 947.12 219.29 0.31
764.86 166.94 825.96 204.97 0.29
799.41 170.39 844.91 208.10 0.29
1209.77 37.80 1235.42 67.75 0.26
547.25 177.63 570.09 208.85 0.26
