94.45 181.94 425.18 363.41 0.91
946.78 219.29 1241.22 371.97 0.89
783.65 191.34 1009.68 324.19 0.82
947.12 158.72 1085.99 234.95 0.80
1019.76 160.93 1184.16 241.84 0.79
512.73 176.30 559.06 224.12 0.70
618.37 125.58 697.37 204.42 0.65
789.19 151.60 949.77 207.18 0.59
364.65 151.38 522.19 271.12 0.51
24.80 204.00 67.22 217.66 0.36
490.88 171.62 525.24 239.11 0.33
915.69 161.06 986.45 208.56 0.32
26.02 203.27 85.22 218.48 0.32
1151.27 153.65 1241.29 197.16 0.30
1127.02 152.58 1241.66 230.80 0.29
913.93 164.97 988.37 195.80 0.27
