0.00 220.53 198.43 373.66 0.93
163.28 192.66 420.94 339.61 0.90
1147.76 152.22 1241.30 245.30 0.88
986.11 163.93 1127.74 242.52 0.87
439.15 178.71 527.87 237.12 0.81
902.36 165.65 1012.38 233.24 0.69
686.30 178.12 803.39 253.20 0.46
480.78 166.22 554.04 215.72 0.46
841.45 167.72 944.82 214.13 0.32
546.81 177.87 570.70 211.06 0.32
794.51 170.13 862.02 207.62 0.30
662.78 184.01 694.04 202.67 0.30
780.83 168.10 845.00 207.69 0.30
773.79 164.94 835.30 204.59 0.30
514.11 171.75 552.02 217.61 0.28
0.33 200.11 45.12 221.21 0.28
0.49 200.50 61.34 222.96 0.27
