0.09 192.83 384.19 372.92 0.92
894.83 194.67 1241.35 372.14 0.92
670.68 179.07 734.92 229.21 0.79
439.79 184.07 509.18 245.47 0.73
847.78 170.49 935.64 218.09 0.72
358.24 189.03 456.76 280.20 0.72
505.14 176.78 557.91 217.66 0.55
522.75 170.76 580.91 207.15 0.50
931.25 164.21 1012.73 206.38 0.43
797.45 169.04 868.21 209.12 0.43
507.01 173.18 578.21 216.76 0.41
724.41 167.30 758.25 195.95 0.40
968.47 131.29 1241.33 233.86 0.39
619.47 148.56 662.19 198.24 0.37
728.60 167.55 781.25 199.08 0.36
788.93 170.38 857.14 202.17 0.26
