177.01 192.66 403.62 327.09 0.89
875.55 165.85 979.38 223.23 0.85
969.85 158.76 1107.01 224.55 0.75
377.75 184.86 478.91 264.01 0.69
667.15 176.94 744.05 234.97 0.67
476.52 172.02 543.63 221.84 0.63
0.29 203.44 29.57 230.65 0.55
832.15 167.04 891.56 215.51 0.54
1074.15 135.44 1241.74 227.49 0.51
0.15 300.22 41.12 373.87 0.42
754.20 171.67 808.00 203.15 0.37
807.34 169.03 846.99 201.01 0.37
811.88 166.97 890.03 210.98 0.35
78.98 203.23 120.98 218.26 0.33
968.78 159.02 1069.05 222.79 0.32
755.56 176.30 790.91 201.47 0.32
521.34 169.38 565.37 209.84 0.31
480.47 168.20 559.16 215.37 0.31
787.84 172.34 814.45 203.29 0.30
549.42 172.88 572.36 203.41 0.28
68.60 203.98 93.87 222.88 0.28
0.50 200.55 81.24 231.24 0.27
1063.52 133.04 1241.72 256.72 0.27
555.24 178.94 573.67 206.46 0.26
795.44 169.90 844.57 204.29 0.25
