778.19 180.61 1028.91 337.45 0.90
348.11 184.99 499.65 280.60 0.88
1041.71 158.13 1203.73 252.69 0.83
1154.82 155.51 1241.41 275.83 0.76
0.81 294.63 115.91 372.75 0.64
452.01 166.01 559.95 242.50 0.62
988.17 162.57 1062.38 227.49 0.57
986.92 161.69 1091.04 228.00 0.51
685.65 174.82 729.20 199.66 0.50
731.01 178.27 818.46 265.43 0.49
543.45 181.32 573.91 219.65 0.45
224.43 201.81 256.67 220.58 0.44
733.25 157.59 899.96 260.91 0.39
952.38 164.13 1053.89 227.26 0.36
627.43 138.24 689.30 208.50 0.34
685.79 175.65 736.80 207.22 0.29
