220.61 191.55 418.56 313.64 0.87
865.94 168.29 965.08 222.46 0.87
0.52 216.54 191.39 373.02 0.80
402.44 185.27 485.43 258.02 0.77
667.07 178.52 740.56 233.68 0.76
959.88 159.27 1082.00 221.84 0.69
484.90 173.76 563.95 220.75 0.54
826.09 169.16 888.41 214.87 0.50
483.62 175.97 543.79 221.38 0.47
504.00 169.84 572.39 209.82 0.41
806.55 169.52 866.73 207.15 0.41
745.12 167.39 799.67 199.92 0.39
131.22 203.58 153.07 218.13 0.35
146.35 204.29 183.34 220.21 0.32
1029.87 134.27 1241.99 252.62 0.32
754.04 171.81 792.10 201.77 0.28
735.44 167.87 768.89 194.33 0.27
809.14 168.65 879.57 211.68 0.27
724.36 167.43 755.49 193.60 0.27
157.45 205.35 184.92 221.33 0.26
547.02 171.70 573.96 203.56 0.26
