767.41 174.58 983.84 315.21 0.88
0.24 242.05 199.77 371.32 0.87
1116.32 155.81 1240.91 263.66 0.81
366.65 182.13 503.43 270.84 0.81
1009.50 158.79 1153.49 244.20 0.79
963.86 158.89 1060.84 224.36 0.58
726.34 177.01 806.14 257.06 0.54
456.67 162.62 553.31 240.62 0.49
537.73 178.85 574.38 218.32 0.46
724.02 154.57 890.07 250.15 0.46
455.88 163.01 550.65 239.78 0.34
0.16 204.80 31.13 234.96 0.32
683.45 175.15 708.69 196.01 0.30
626.31 135.05 691.40 202.80 0.28
917.57 161.26 1059.23 221.57 0.28
916.51 163.94 1023.71 217.65 0.27
