0.21 199.23 340.62 371.46 0.91
953.09 227.40 1241.27 375.00 0.88
305.42 190.12 445.29 294.36 0.85
667.20 178.95 736.61 231.36 0.73
851.99 170.81 946.10 219.98 0.67
945.25 163.76 1033.18 211.30 0.65
424.94 185.20 500.86 252.57 0.65
816.35 170.39 871.68 214.56 0.61
498.16 179.36 546.72 222.06 0.53
524.64 170.63 574.92 206.67 0.42
722.95 168.70 761.15 197.48 0.37
725.75 168.73 781.36 198.68 0.37
613.89 147.69 659.80 200.27 0.36
503.92 172.86 557.73 208.98 0.35
795.60 171.06 860.23 208.62 0.35
535.35 171.95 577.35 205.14 0.33
614.13 147.83 660.16 200.22 0.33
500.87 175.08 547.08 213.48 0.31
500.83 175.42 561.80 216.54 0.27
793.59 171.62 843.48 205.09 0.27
979.14 125.50 1241.24 255.60 0.26
982.38 127.95 1241.38 252.76 0.25
