121.02 182.38 487.29 374.21 0.93
802.58 181.07 1167.47 371.76 0.92
990.85 281.94 1241.11 374.86 0.71
489.50 177.96 544.20 231.19 0.70
539.60 163.09 607.15 207.90 0.66
685.22 173.32 742.31 219.53 0.65
458.85 181.56 509.73 245.16 0.58
841.06 165.14 914.77 206.59 0.44
1114.39 131.74 1241.39 237.76 0.38
802.74 165.36 864.48 202.80 0.35
116.29 189.41 151.90 217.21 0.33
50.01 204.94 88.02 222.54 0.31
736.22 162.98 769.54 185.14 0.30
813.87 168.08 857.08 204.05 0.30
796.69 165.38 856.97 195.03 0.27
210.76 191.41 263.92 223.93 0.26
0.21 205.54 31.18 224.27 0.26
50.55 202.76 107.67 221.58 0.26
