195.98 183.68 505.08 365.75 0.90
794.66 180.49 1089.26 372.28 0.82
922.98 248.64 1241.04 370.08 0.79
692.95 175.14 747.64 220.64 0.75
499.81 181.24 554.46 230.74 0.65
549.65 166.52 611.69 207.02 0.51
484.50 181.51 546.97 237.16 0.48
942.65 143.71 1110.08 230.08 0.43
802.82 168.20 870.27 204.04 0.43
549.40 173.25 587.84 210.82 0.42
479.73 182.30 527.42 242.24 0.40
1093.75 136.47 1241.58 235.15 0.38
738.10 166.85 769.56 189.46 0.36
1095.39 136.74 1241.70 236.11 0.34
237.39 188.89 283.09 206.90 0.34
750.17 165.74 790.53 191.98 0.31
593.00 168.83 616.60 196.12 0.31
180.05 188.51 213.45 215.29 0.30
76.26 206.53 106.80 222.22 0.26
