0.00 200.85 356.39 371.15 0.91
1103.57 156.79 1241.38 260.73 0.90
410.88 177.80 517.16 247.56 0.87
988.40 157.32 1156.95 243.07 0.72
929.28 162.17 1011.13 233.05 0.68
927.69 160.88 1044.31 232.67 0.65
701.34 182.24 749.13 238.28 0.60
476.97 161.75 550.38 222.86 0.44
725.28 177.52 866.70 274.05 0.43
881.12 164.55 964.29 215.59 0.42
566.31 177.28 603.10 193.93 0.40
499.26 167.49 550.25 223.04 0.38
541.22 177.78 571.13 213.32 0.36
837.98 169.26 892.81 214.34 0.31
0.03 199.62 39.60 228.71 0.29
849.84 165.03 911.93 213.24 0.25
