64.34 192.57 367.42 364.44 0.90
1123.74 153.69 1241.49 269.02 0.82
347.81 185.31 465.13 274.69 0.82
673.36 178.16 756.94 240.09 0.75
898.41 165.21 1012.60 225.53 0.75
1002.96 156.20 1142.05 230.17 0.73
846.20 166.95 919.09 219.09 0.67
465.66 175.23 539.99 226.55 0.53
492.86 166.46 561.68 211.15 0.34
800.60 169.35 861.37 209.11 0.33
761.63 175.65 791.94 200.08 0.30
761.46 172.68 801.82 201.09 0.30
83.15 203.85 112.35 218.08 0.29
19.53 199.76 85.02 227.99 0.29
521.03 168.93 563.90 207.59 0.26
822.46 168.50 863.50 199.94 0.25
