725.51 214.73 836.97 316.03 0.90
880.54 152.86 937.56 299.27 0.72
4.46 231.47 193.40 358.14 0.66
757.96 150.01 804.78 283.73 0.64
446.16 165.80 482.39 266.60 0.56
573.76 212.74 612.01 271.03 0.50
573.19 171.19 610.79 269.74 0.50
254.57 163.06 292.74 212.09 0.38
150.04 215.23 240.39 317.32 0.37
137.28 230.74 239.25 319.87 0.33
218.28 160.06 293.13 290.84 0.33
635.20 189.56 686.06 239.72 0.32
578.02 172.69 605.75 258.26 0.31
505.91 173.16 531.36 253.23 0.30
759.62 151.70 800.70 254.45 0.30
114.22 220.90 241.09 319.20 0.28
