950.71 142.18 1022.21 326.06 0.82
364.72 161.12 422.72 309.56 0.81
774.85 236.58 954.13 373.18 0.79
462.38 210.07 495.81 291.67 0.73
456.43 171.35 501.98 288.54 0.68
599.42 170.09 643.32 286.66 0.67
835.14 138.65 899.13 261.68 0.58
295.81 231.29 343.56 295.35 0.46
270.79 201.74 308.85 292.61 0.38
330.20 231.00 373.13 295.47 0.37
580.95 171.93 602.41 225.77 0.34
274.43 230.86 308.32 293.25 0.34
604.51 170.22 637.89 275.97 0.32
651.90 202.28 704.70 250.87 0.32
319.83 193.47 360.60 236.15 0.32
551.97 175.11 568.15 226.87 0.28
19.60 173.13 95.11 323.65 0.25
463.22 171.65 502.55 238.19 0.25
