288.63 161.32 374.08 356.71 0.84
1008.79 145.03 1083.44 345.35 0.82
915.65 128.62 1018.80 286.08 0.79
810.12 263.60 1076.14 372.45 0.73
425.16 232.60 465.26 333.20 0.70
415.07 176.84 475.65 295.09 0.68
15.91 145.09 197.50 325.99 0.63
622.82 172.97 668.96 289.01 0.57
232.18 238.77 307.99 317.53 0.40
386.84 227.68 429.67 302.31 0.39
591.13 171.47 609.95 228.60 0.34
552.79 175.44 570.25 227.33 0.33
600.06 171.77 616.55 227.91 0.32
602.76 172.30 623.72 227.79 0.32
586.11 172.24 607.24 227.52 0.31
680.28 206.98 714.31 255.18 0.30
231.43 241.41 270.57 317.92 0.26
