362.02 177.67 446.80 345.39 0.81
212.76 162.82 320.15 373.30 0.80
1024.75 120.05 1176.15 315.46 0.77
0.00 148.21 155.95 353.02 0.77
376.15 254.12 434.05 373.00 0.67
911.25 148.51 951.01 257.13 0.55
488.80 172.65 508.52 229.98 0.54
640.21 170.90 695.99 295.08 0.53
871.45 246.63 1158.10 369.27 0.44
510.12 180.45 531.23 227.36 0.36
599.37 176.37 618.02 231.02 0.30
635.16 195.65 719.95 315.65 0.29
332.98 197.79 362.91 258.12 0.29
872.09 290.54 1150.89 372.08 0.27
553.35 187.82 573.86 232.58 0.26
193.33 239.52 247.13 337.55 0.26
