957.11 142.37 1032.20 329.19 0.85
778.62 244.93 982.68 373.12 0.82
348.22 160.41 410.22 319.85 0.77
607.55 168.97 648.30 288.20 0.66
454.20 215.41 488.98 299.98 0.64
850.24 138.53 922.97 263.98 0.63
447.47 175.03 494.81 270.23 0.52
0.00 166.12 55.69 318.88 0.42
266.11 229.62 337.73 300.90 0.39
586.29 170.68 604.90 224.01 0.39
77.93 146.99 239.07 303.66 0.37
651.81 200.31 706.90 254.51 0.33
309.17 194.75 344.60 239.56 0.33
551.39 173.91 568.68 225.18 0.33
453.82 224.60 481.21 300.32 0.32
849.20 140.05 923.37 361.52 0.31
263.27 202.00 299.95 296.76 0.27
264.43 228.57 300.99 300.39 0.26
