754.77 232.30 909.32 365.42 0.87
935.01 147.53 997.37 321.15 0.84
0.08 237.75 137.42 368.90 0.78
392.09 165.41 442.56 295.49 0.71
471.69 172.95 510.04 277.70 0.66
99.67 168.89 160.30 313.71 0.66
589.76 168.23 635.49 282.82 0.55
479.22 214.27 508.83 278.40 0.52
804.01 141.91 862.09 254.30 0.52
592.57 172.25 626.45 277.26 0.49
802.79 140.58 862.24 299.14 0.40
641.00 196.57 698.47 248.23 0.39
665.76 201.68 699.93 245.55 0.37
590.01 215.84 636.44 284.00 0.36
290.32 199.05 324.56 284.12 0.30
633.57 201.71 674.08 251.12 0.30
553.71 175.76 568.85 226.83 0.30
352.10 230.04 394.31 288.01 0.28
337.03 194.03 369.06 233.56 0.27
523.95 172.61 539.84 217.89 0.25
