747.85 162.20 802.95 331.26 0.76
491.29 169.51 516.80 239.60 0.72
221.26 275.32 328.02 373.45 0.59
959.83 135.38 1027.44 279.87 0.59
114.70 221.05 198.85 300.82 0.56
669.33 207.33 742.01 299.45 0.52
222.29 266.30 302.15 373.51 0.46
960.76 134.66 998.48 280.78 0.46
601.88 169.51 624.85 233.17 0.42
473.25 169.30 494.14 238.07 0.37
523.84 168.17 554.20 196.60 0.37
316.16 259.34 373.25 358.25 0.36
0.00 227.01 69.29 301.34 0.36
617.36 170.24 634.86 231.22 0.35
285.38 198.64 358.11 272.61 0.33
1058.11 148.05 1108.09 272.69 0.31
274.81 272.56 328.36 373.02 0.30
0.00 295.63 63.73 371.67 0.28
234.07 234.83 282.08 311.19 0.28
585.30 166.51 602.57 212.85 0.25
