77.75 154.17 201.88 372.26 0.91
230.16 179.20 371.80 370.76 0.86
677.27 177.11 743.82 328.96 0.72
518.80 178.35 551.30 203.52 0.59
494.99 176.17 521.60 233.76 0.53
1129.17 137.10 1236.65 371.78 0.47
473.39 176.43 494.27 233.97 0.46
935.22 145.04 968.63 266.84 0.46
599.05 176.76 617.76 233.48 0.40
205.48 213.21 262.62 276.72 0.39
674.74 216.64 744.88 331.34 0.29
627.81 180.07 649.92 239.34 0.29
554.88 176.48 575.83 225.00 0.28
501.10 187.31 523.93 233.47 0.28
632.06 180.59 649.28 222.12 0.27
366.60 247.93 407.62 329.96 0.27
190.39 274.19 354.07 372.45 0.25
