968.65 143.56 1050.05 339.79 0.87
331.77 161.24 399.92 333.15 0.81
790.35 243.18 1009.66 373.09 0.76
870.83 136.31 949.34 266.00 0.70
440.32 220.01 482.14 310.75 0.67
435.43 177.09 490.92 283.79 0.50
583.52 169.93 603.02 224.95 0.49
611.60 167.05 651.02 273.57 0.49
599.28 168.72 616.31 223.94 0.45
399.45 222.17 447.68 292.83 0.39
603.89 169.49 619.30 223.79 0.35
552.77 175.12 569.55 226.56 0.34
300.84 194.34 346.40 301.48 0.34
272.65 230.35 325.42 305.65 0.31
662.17 199.47 708.34 254.43 0.31
0.12 186.31 19.19 363.49 0.30
574.02 166.97 589.42 211.05 0.30
576.44 168.06 596.34 223.43 0.30
251.88 233.38 288.65 304.99 0.30
615.42 167.91 643.82 255.87 0.29
64.07 144.50 219.61 313.11 0.28
244.53 205.41 290.08 300.64 0.27
0.11 186.68 17.36 298.60 0.27
593.06 169.45 611.03 224.11 0.25
