719.22 210.25 817.80 302.35 0.82
0.14 272.80 131.52 369.68 0.75
51.03 223.05 236.39 335.03 0.71
862.38 154.12 922.70 286.58 0.68
740.28 151.52 785.70 271.99 0.51
468.22 163.57 497.34 256.99 0.51
168.93 204.50 273.89 306.35 0.51
107.26 225.72 236.16 333.62 0.50
875.49 152.17 918.09 286.40 0.43
298.76 167.69 335.37 209.05 0.41
743.27 151.91 784.92 242.08 0.40
641.77 192.99 687.06 233.97 0.36
633.43 191.79 672.35 235.59 0.35
570.21 181.39 603.53 264.52 0.30
512.63 172.88 533.21 243.03 0.26
122.94 222.28 240.11 314.42 0.26
