769.92 153.78 833.42 348.49 0.77
1107.39 149.59 1149.77 278.24 0.63
499.88 172.28 522.86 241.85 0.61
972.31 133.62 1023.27 286.15 0.59
188.74 281.69 306.58 374.00 0.58
478.43 172.34 500.55 238.48 0.55
82.90 223.63 174.24 312.63 0.46
606.69 169.78 629.64 232.09 0.43
679.24 215.65 761.19 304.19 0.41
711.94 224.94 764.37 304.82 0.39
247.99 282.24 300.64 372.57 0.38
82.86 223.00 172.37 364.55 0.36
770.52 236.14 843.00 351.28 0.35
290.09 270.14 356.99 372.03 0.34
292.11 208.53 332.07 267.43 0.33
635.42 166.23 652.49 226.86 0.30
630.38 166.11 648.84 225.78 0.30
529.10 169.49 559.63 192.96 0.29
334.40 238.83 387.76 317.90 0.28
100.80 295.29 209.54 362.89 0.27
562.47 176.70 583.50 232.93 0.26
