491.89 169.93 514.58 237.95 0.72
735.09 164.50 785.33 340.47 0.66
136.63 217.24 215.09 293.19 0.64
947.41 140.00 1022.72 280.49 0.61
237.91 267.17 319.44 372.15 0.59
1037.73 147.72 1091.17 270.90 0.52
283.31 268.51 341.24 370.64 0.48
600.87 169.75 623.94 232.44 0.46
236.45 258.43 298.91 372.08 0.43
615.52 171.53 632.05 232.30 0.41
15.46 223.51 92.11 289.57 0.39
18.77 286.98 140.48 373.02 0.37
471.98 172.59 492.34 237.79 0.34
326.02 258.46 376.26 347.72 0.31
520.52 167.27 552.26 196.35 0.31
950.67 134.62 998.74 279.31 0.28
122.54 293.92 191.79 372.90 0.27
696.02 232.68 731.57 297.33 0.27
