757.40 156.93 813.64 327.41 0.76
497.52 170.66 518.87 238.28 0.54
475.54 171.52 496.61 238.40 0.54
205.94 267.07 293.60 373.47 0.50
69.84 301.61 151.40 373.11 0.49
100.81 225.46 184.49 306.31 0.49
203.79 280.04 316.99 373.74 0.45
666.63 210.06 750.43 301.68 0.44
1083.10 150.32 1126.80 274.46 0.44
604.57 169.42 627.22 232.22 0.43
262.39 278.68 325.16 372.84 0.41
968.75 134.40 1033.25 285.10 0.38
0.11 301.11 39.08 372.67 0.37
527.89 169.61 556.59 195.96 0.36
120.19 286.46 229.78 344.85 0.36
492.94 169.69 509.40 234.82 0.36
970.77 132.49 1003.22 227.64 0.35
699.29 223.73 749.98 303.46 0.31
215.33 203.34 240.86 245.08 0.30
294.87 208.08 336.84 266.61 0.30
706.89 216.92 759.73 304.09 0.29
332.79 232.85 389.53 319.36 0.28
969.92 130.56 1004.52 280.99 0.28
271.63 266.22 337.03 371.34 0.28
615.15 168.62 635.49 232.63 0.27
0.00 230.18 43.53 278.52 0.25
