985.41 145.39 1067.35 345.36 0.88
889.37 130.22 981.52 271.92 0.78
320.09 164.17 385.52 339.67 0.76
425.71 177.47 480.12 295.08 0.69
616.53 170.19 658.43 283.43 0.67
801.80 256.21 1007.89 372.79 0.63
433.14 223.56 475.34 322.85 0.48
245.13 232.55 321.77 310.11 0.47
601.07 171.25 621.02 226.28 0.37
585.54 171.42 604.49 225.73 0.36
552.45 177.25 569.49 224.93 0.34
670.66 204.99 711.94 254.49 0.32
413.85 219.38 474.84 321.16 0.32
592.16 171.15 609.20 226.28 0.30
681.01 207.02 713.20 254.84 0.29
616.82 207.54 661.46 299.12 0.27
393.89 222.38 443.10 298.08 0.26
