0.95 142.62 180.88 335.10 0.89
271.00 158.93 355.07 369.75 0.83
826.03 261.95 1095.52 372.13 0.73
1030.99 142.53 1101.96 343.78 0.72
937.81 125.35 1056.70 360.62 0.71
398.99 180.09 466.93 305.84 0.67
409.71 234.10 462.04 348.59 0.53
632.50 181.41 683.70 289.88 0.50
584.80 173.36 604.25 228.59 0.43
488.51 171.47 506.17 226.79 0.31
188.67 239.09 257.58 322.29 0.30
896.10 146.22 927.16 249.57 0.29
553.57 178.74 571.03 228.46 0.29
625.49 201.93 688.93 309.03 0.28
383.85 238.85 414.14 309.37 0.28
218.55 242.16 260.72 323.98 0.27
589.29 173.96 610.23 229.99 0.25
