377.68 174.13 445.49 310.87 0.84
79.98 172.31 175.59 372.16 0.83
700.62 192.24 758.87 249.58 0.73
1045.38 155.52 1124.44 309.29 0.64
817.65 158.78 854.66 252.25 0.59
491.94 162.11 513.37 231.00 0.58
986.10 248.51 1124.30 371.67 0.45
579.96 156.98 606.00 235.16 0.43
143.71 218.92 285.41 331.82 0.43
379.36 219.53 443.88 311.31 0.40
933.04 134.79 959.09 223.35 0.30
858.60 236.66 1106.95 373.04 0.29
616.09 158.66 631.75 204.03 0.28
930.68 246.18 1123.07 372.96 0.26
512.58 180.76 530.64 227.45 0.26
545.95 162.43 565.61 222.55 0.26
