760.36 231.93 929.60 372.45 0.87
943.84 144.78 1017.72 324.20 0.85
374.99 160.86 434.68 300.77 0.82
819.22 138.98 879.30 248.36 0.65
471.59 215.82 501.51 285.67 0.65
595.37 170.38 639.32 285.56 0.61
462.77 171.47 505.31 251.94 0.52
550.87 173.06 569.40 226.64 0.36
593.38 213.72 640.26 288.04 0.35
307.91 231.13 350.99 292.55 0.35
64.78 169.27 130.52 320.92 0.34
340.31 230.91 386.52 291.52 0.33
328.57 193.08 363.53 235.05 0.29
659.49 202.81 701.43 246.75 0.29
282.40 198.27 313.56 287.83 0.28
466.53 179.16 505.00 284.28 0.26
