1134.13 121.22 1237.53 370.73 0.88
449.72 169.69 487.49 278.46 0.72
880.58 252.19 1033.09 372.74 0.65
291.49 256.07 373.22 356.31 0.64
481.74 162.93 519.30 274.80 0.62
655.30 165.33 681.28 234.65 0.57
28.51 238.81 125.72 324.16 0.49
27.01 238.98 129.45 374.00 0.46
741.08 197.16 830.52 301.36 0.43
706.99 199.58 751.86 273.86 0.41
802.44 198.48 961.94 373.09 0.41
685.73 165.74 705.97 221.86 0.37
24.47 219.58 82.05 292.59 0.34
804.82 247.14 1032.95 373.71 0.34
557.55 167.36 586.80 193.45 0.33
167.43 294.25 265.94 373.24 0.31
1110.55 126.91 1177.72 296.36 0.31
602.80 162.46 625.22 215.42 0.29
430.51 170.59 453.56 225.17 0.28
