2.10 169.60 179.67 372.29 0.90
172.00 161.83 263.66 371.44 0.81
630.95 170.88 657.54 253.63 0.68
674.44 172.61 701.05 252.17 0.64
453.11 169.70 473.30 230.37 0.60
545.29 173.72 580.29 203.18 0.59
239.95 172.68 276.75 219.27 0.44
703.06 170.62 726.89 239.20 0.44
806.22 235.04 1019.48 373.29 0.42
698.81 171.90 721.34 239.77 0.42
435.33 174.65 453.12 231.09 0.40
724.63 170.96 742.59 229.85 0.38
667.97 174.90 697.80 251.14 0.35
655.86 172.05 675.74 240.72 0.34
662.89 172.17 683.90 246.16 0.34
746.72 202.29 807.67 290.80 0.30
713.30 169.93 734.03 234.14 0.30
610.96 171.16 631.07 225.84 0.30
934.65 280.60 1234.82 372.65 0.28
1108.88 151.31 1152.12 237.36 0.28
25.84 207.66 64.61 263.75 0.26
