307.08 160.22 396.54 373.04 0.86
386.78 154.78 446.56 364.03 0.85
842.94 250.05 1029.26 373.48 0.73
42.50 272.45 151.56 372.77 0.70
707.04 165.44 730.42 229.89 0.69
679.67 167.63 708.16 242.00 0.68
641.79 163.98 668.85 243.69 0.67
776.27 211.39 910.96 324.29 0.67
1041.84 298.77 1104.54 372.58 0.63
565.27 167.12 598.13 195.70 0.59
480.20 167.60 501.12 219.65 0.40
754.59 154.38 774.87 189.30 0.37
729.85 157.10 756.68 225.57 0.36
624.59 160.13 642.77 215.48 0.32
777.40 220.76 880.10 324.01 0.31
97.62 336.72 171.94 372.57 0.28
