426.01 166.66 474.73 299.23 0.83
1140.14 101.46 1237.47 370.10 0.79
472.48 159.74 513.45 290.97 0.76
249.70 266.68 345.45 373.66 0.76
665.48 165.17 693.01 237.27 0.58
0.00 248.69 30.44 354.53 0.56
855.97 223.16 1136.93 370.24 0.52
694.98 165.92 717.01 223.09 0.52
763.10 206.57 855.02 317.36 0.49
562.95 169.02 593.56 193.66 0.48
615.54 162.78 642.41 229.72 0.47
369.34 191.76 426.67 294.98 0.38
719.44 154.80 754.51 238.96 0.36
878.70 263.37 1137.72 372.33 0.36
763.91 206.85 828.22 315.89 0.34
724.66 197.08 796.64 285.09 0.33
44.09 331.42 145.63 374.00 0.27
837.46 220.55 1001.67 369.45 0.26
