823.59 159.59 896.58 369.94 0.86
504.18 165.69 528.90 244.07 0.71
961.91 129.98 1063.09 295.04 0.71
1180.01 96.26 1237.24 290.92 0.63
616.57 165.71 641.47 232.19 0.59
93.15 229.88 144.50 290.29 0.55
15.36 228.06 128.98 323.55 0.52
482.34 171.72 507.38 242.19 0.48
18.60 227.62 120.35 374.00 0.47
274.71 275.31 348.02 373.95 0.44
203.20 298.98 262.37 373.37 0.43
295.07 270.70 351.79 373.59 0.39
732.79 212.59 820.04 318.13 0.37
643.40 164.57 663.44 224.77 0.34
701.29 211.84 795.18 317.78 0.34
570.67 173.82 588.63 229.74 0.30
153.31 237.65 255.52 355.06 0.30
214.52 206.45 304.14 373.56 0.29
29.92 308.91 158.35 374.00 0.26
18.37 290.15 167.45 374.00 0.26
