939.03 147.35 1020.90 372.27 0.84
503.49 162.05 532.84 256.30 0.80
1031.02 123.97 1104.52 318.86 0.77
476.28 166.76 506.90 254.27 0.64
162.75 323.04 233.79 373.25 0.60
791.24 222.89 900.94 350.76 0.57
301.87 258.85 355.01 362.85 0.52
639.48 165.33 666.25 234.05 0.52
636.38 166.30 659.22 233.13 0.45
105.56 258.62 218.53 373.09 0.41
1008.67 275.80 1045.69 357.55 0.38
823.20 226.45 900.63 333.42 0.34
203.90 222.85 257.22 272.42 0.34
191.90 221.49 258.00 280.40 0.32
551.58 167.34 582.23 193.34 0.31
358.12 236.23 416.92 310.06 0.29
738.99 207.25 851.09 339.83 0.29
615.25 162.76 633.42 213.08 0.29
675.00 168.74 693.21 224.86 0.26
