552.34 181.90 597.29 219.56 0.78
368.72 177.55 408.59 289.97 0.78
747.49 184.08 793.60 317.58 0.77
925.58 175.44 967.16 295.69 0.73
876.90 173.90 919.33 293.11 0.72
288.44 176.01 329.00 253.01 0.68
717.95 181.51 751.21 285.85 0.65
645.63 180.13 669.37 246.86 0.65
690.46 183.98 722.42 278.30 0.64
0.08 224.40 96.77 328.14 0.57
663.80 183.60 685.26 247.59 0.44
0.00 248.76 36.08 332.08 0.38
789.73 177.23 816.11 263.29 0.36
600.29 185.61 633.19 201.40 0.27
424.71 195.32 469.19 271.86 0.26
261.21 223.02 355.14 292.64 0.26
952.43 222.82 1042.93 286.74 0.26
