1121.80 148.74 1216.70 369.97 0.86
811.73 169.65 875.10 338.95 0.78
232.33 160.70 319.44 351.91 0.77
88.34 165.40 154.45 300.50 0.73
545.36 168.81 593.85 207.79 0.71
623.68 157.94 649.00 234.18 0.68
94.97 271.71 227.45 346.85 0.61
791.70 169.00 825.78 316.85 0.49
706.65 169.60 738.55 277.07 0.47
731.51 170.03 771.93 294.43 0.47
756.61 171.16 788.43 288.82 0.40
639.92 191.74 680.29 239.92 0.36
592.03 174.29 623.95 190.14 0.33
352.55 170.02 435.05 291.70 0.31
760.32 173.64 793.91 281.11 0.30
695.11 163.09 711.59 213.55 0.28
747.72 169.64 785.20 291.70 0.28
720.29 170.41 742.88 282.38 0.26
