558.48 181.77 595.20 211.48 0.72
837.26 207.76 958.52 369.19 0.71
710.07 177.62 743.84 278.14 0.71
441.42 175.64 470.32 250.48 0.70
674.52 172.33 709.87 277.81 0.68
0.00 249.97 90.04 358.09 0.56
738.96 172.59 767.07 245.91 0.54
799.56 173.95 820.34 240.09 0.52
51.43 222.31 108.61 300.70 0.48
58.55 183.12 108.56 258.67 0.48
402.35 184.05 429.19 253.98 0.47
99.06 222.95 179.63 351.91 0.44
636.81 176.26 664.14 237.04 0.39
749.23 172.30 774.07 246.33 0.38
776.19 172.32 797.25 238.83 0.36
235.96 213.49 290.91 272.18 0.36
360.13 203.73 414.01 254.06 0.34
99.25 225.24 176.03 316.83 0.30
772.36 169.99 794.16 235.82 0.29
0.77 267.50 283.44 370.80 0.29
61.66 182.78 112.16 236.29 0.25
