74.69 168.58 232.29 372.98 0.87
220.19 158.48 304.86 372.04 0.79
633.62 170.68 662.65 255.34 0.68
676.50 170.80 703.13 249.91 0.66
702.10 169.28 727.45 238.30 0.64
457.49 170.84 477.35 227.11 0.60
546.48 170.46 579.94 201.24 0.60
43.78 204.28 98.47 291.59 0.49
803.40 238.80 1006.88 372.31 0.49
921.57 276.96 1223.11 373.09 0.48
659.54 172.24 678.51 240.70 0.48
613.40 167.84 633.27 223.07 0.43
724.50 165.87 748.75 231.49 0.39
313.22 234.46 394.17 334.09 0.39
662.75 171.19 681.76 240.64 0.38
43.45 202.74 100.52 335.11 0.33
633.20 170.20 658.22 232.31 0.32
747.22 156.75 775.82 222.48 0.30
707.06 166.65 732.03 237.56 0.30
748.01 202.89 804.97 287.41 0.27
584.24 169.14 610.92 183.43 0.26
