1053.32 158.93 1131.84 352.12 0.77
546.57 174.58 594.94 215.84 0.74
262.81 166.42 345.11 341.94 0.71
366.03 176.77 444.85 290.02 0.65
806.08 175.93 859.08 339.58 0.65
1147.22 162.35 1235.50 361.64 0.63
701.77 180.41 734.07 280.51 0.59
129.06 172.24 197.90 298.26 0.55
725.49 168.46 770.34 291.67 0.54
630.35 172.31 654.55 240.16 0.48
141.45 266.53 256.88 334.39 0.47
1126.33 224.46 1237.70 364.94 0.36
788.17 179.09 814.12 291.18 0.31
786.81 172.50 820.33 313.52 0.30
649.70 201.11 681.26 245.33 0.28
592.41 168.55 627.57 187.70 0.26
