999.90 137.16 1101.64 370.12 0.78
818.39 231.88 938.96 371.63 0.78
498.22 160.28 528.24 261.13 0.77
467.22 169.67 500.28 263.85 0.68
210.82 276.77 318.48 373.63 0.62
3.85 280.55 137.23 373.36 0.57
149.46 225.82 217.15 281.76 0.52
591.98 162.96 616.00 236.51 0.51
1065.83 121.08 1127.70 345.00 0.46
643.90 165.96 665.44 236.17 0.43
78.43 221.63 210.89 374.00 0.43
1066.52 120.19 1120.72 255.34 0.41
756.93 215.24 866.36 352.84 0.39
552.55 165.50 583.05 193.02 0.36
678.30 169.24 698.93 225.43 0.36
691.32 191.18 749.93 268.62 0.33
648.35 164.51 671.24 234.52 0.29
638.43 165.79 658.42 232.17 0.29
229.99 226.30 268.70 272.14 0.27
964.23 154.16 1002.88 226.41 0.27
428.93 193.79 463.30 252.75 0.27
