898.00 148.51 983.29 371.60 0.84
504.73 161.23 534.09 252.28 0.77
1019.46 123.80 1077.27 309.78 0.71
0.00 240.19 73.42 320.56 0.69
480.93 170.08 508.47 250.74 0.69
204.08 301.26 270.87 372.83 0.59
50.47 260.44 164.37 373.83 0.53
116.92 333.07 190.22 372.88 0.51
293.88 256.02 360.56 352.68 0.49
771.61 213.21 873.33 337.91 0.49
632.21 167.66 658.37 235.31 0.48
630.33 165.50 650.95 235.36 0.42
169.07 236.93 255.63 372.35 0.40
234.23 217.46 285.38 306.26 0.39
243.74 292.27 306.11 372.73 0.39
579.60 169.53 599.30 235.12 0.36
206.66 293.52 300.72 373.35 0.36
361.54 229.09 419.18 303.16 0.32
170.91 210.39 235.80 301.26 0.31
666.52 170.04 687.13 225.28 0.30
315.03 255.34 364.33 349.00 0.30
721.69 209.05 812.46 323.06 0.27
796.79 201.12 876.30 323.21 0.27
664.16 168.84 682.69 225.48 0.26
