786.33 155.32 850.70 356.98 0.81
978.99 132.77 1027.38 289.23 0.73
501.99 169.45 525.08 242.28 0.63
478.91 170.24 502.73 242.38 0.56
176.04 290.81 289.91 373.99 0.54
62.29 225.05 164.00 318.37 0.54
294.40 269.75 353.23 373.19 0.51
1.28 322.66 107.81 373.19 0.47
6.79 219.58 87.34 323.23 0.42
628.88 166.45 648.77 228.91 0.41
611.72 168.12 632.24 233.47 0.36
712.65 212.78 783.97 308.87 0.36
126.53 228.70 172.27 286.94 0.35
241.20 206.93 288.43 264.65 0.35
234.17 286.65 295.90 373.50 0.35
185.89 235.34 268.92 347.36 0.35
689.32 211.61 774.78 308.87 0.33
633.73 166.46 651.96 230.54 0.33
175.41 285.82 261.04 372.42 0.32
285.12 208.32 320.62 270.44 0.28
336.92 241.53 385.11 319.57 0.26
