459.45 159.44 506.51 311.20 0.81
205.34 289.72 309.77 372.31 0.77
408.37 169.83 464.11 322.84 0.73
672.62 163.21 700.91 239.35 0.64
787.77 216.72 881.55 331.53 0.56
564.84 166.59 598.09 194.24 0.55
703.39 167.08 726.61 226.16 0.55
27.24 311.17 146.34 374.00 0.52
627.14 158.98 654.38 239.03 0.49
394.29 166.81 420.58 210.92 0.46
700.40 167.40 721.93 224.44 0.36
788.53 225.56 917.46 333.11 0.34
935.33 237.86 1235.72 371.24 0.33
199.70 238.57 310.23 347.33 0.32
743.13 208.50 837.06 296.18 0.29
26.17 299.43 147.66 374.00 0.29
145.85 295.27 242.88 372.82 0.28
738.08 199.43 823.16 290.85 0.28
