1.38 276.15 122.52 373.04 0.82
545.19 183.45 580.05 209.82 0.74
724.12 170.22 749.26 242.61 0.71
435.64 177.29 461.75 244.86 0.71
649.05 172.50 681.19 268.92 0.69
683.78 177.37 720.12 266.46 0.63
75.17 241.38 176.10 372.85 0.59
403.69 179.21 425.47 239.44 0.54
758.14 167.84 778.62 232.19 0.49
796.91 214.29 889.22 337.30 0.49
618.96 177.54 649.20 227.57 0.42
756.22 166.46 776.18 221.76 0.41
115.59 224.98 154.25 283.97 0.36
150.09 223.64 207.00 287.91 0.35
148.38 222.79 212.00 306.91 0.28
75.86 242.18 151.35 315.68 0.25
