10.53 157.27 156.00 373.54 0.88
444.22 172.20 464.71 233.17 0.75
819.17 238.92 991.85 372.87 0.67
674.67 171.44 699.79 254.17 0.58
539.95 178.80 574.51 203.72 0.57
710.43 171.93 733.63 240.74 0.53
629.73 175.58 654.29 258.04 0.52
692.35 176.29 713.48 242.74 0.47
0.13 211.49 36.80 293.98 0.46
665.65 172.75 683.46 250.98 0.42
608.79 174.06 629.58 227.67 0.40
193.99 231.53 282.55 360.11 0.39
667.43 172.75 692.44 252.99 0.37
652.41 172.77 671.72 240.77 0.36
682.32 175.41 703.52 253.86 0.35
211.16 172.57 251.10 224.42 0.33
959.07 238.89 1230.68 372.10 0.31
751.46 203.26 821.10 296.68 0.30
423.81 177.80 442.48 234.46 0.27
578.89 173.33 602.21 186.79 0.26
