1130.63 101.75 1236.73 362.74 0.83
264.13 267.26 351.41 372.65 0.77
473.99 160.77 514.23 286.43 0.77
433.98 166.94 476.09 293.81 0.77
662.57 165.04 689.92 234.97 0.62
0.00 244.84 58.70 334.22 0.60
757.15 210.41 841.19 310.08 0.59
848.67 232.84 1111.03 370.96 0.55
559.37 166.77 592.84 194.66 0.55
690.95 165.30 712.80 224.43 0.53
0.07 244.69 65.10 364.81 0.45
149.87 313.83 215.80 373.35 0.41
1.09 308.47 168.24 373.00 0.38
612.49 161.68 636.79 237.31 0.33
0.00 277.51 210.33 370.91 0.32
718.91 195.34 781.39 282.61 0.32
