1166.78 123.92 1237.22 371.11 0.84
443.20 169.53 484.37 284.90 0.77
481.12 166.77 519.31 279.17 0.74
0.66 234.20 106.66 338.03 0.70
1103.02 108.03 1192.51 342.47 0.69
284.86 255.57 364.91 360.37 0.63
816.69 245.99 1056.04 373.20 0.58
656.41 160.65 683.39 234.54 0.55
1.97 298.41 198.12 373.13 0.51
559.83 165.67 589.20 193.83 0.50
897.70 250.75 1055.72 372.62 0.50
688.19 164.27 711.37 224.48 0.46
605.13 157.00 629.64 237.09 0.46
711.20 195.29 783.27 277.88 0.44
744.27 213.23 841.60 303.21 0.42
713.73 157.86 743.88 226.02 0.31
603.95 157.64 627.85 212.98 0.31
815.33 220.11 978.52 372.88 0.30
143.93 294.31 248.24 374.00 0.29
384.27 192.15 441.26 288.19 0.26
717.77 158.13 742.10 200.23 0.26
240.30 267.18 303.57 365.51 0.26
183.14 299.99 246.49 374.00 0.25
