818.54 225.97 950.48 356.72 0.82
426.43 159.65 481.63 336.60 0.80
363.64 169.28 432.24 364.57 0.78
102.54 254.22 240.49 372.75 0.76
181.99 310.76 250.30 372.59 0.68
680.49 166.82 708.23 241.92 0.65
567.49 168.03 600.57 195.99 0.63
763.31 215.80 870.49 311.74 0.62
706.73 162.98 729.31 229.28 0.56
640.14 164.08 664.85 227.19 0.50
0.15 308.10 33.41 372.77 0.41
295.18 246.21 369.97 339.42 0.40
492.74 168.70 511.78 216.63 0.37
728.00 161.09 752.24 225.91 0.33
1205.01 178.37 1237.70 268.38 0.33
628.17 160.10 649.70 214.08 0.30
17.55 326.15 150.50 371.95 0.30
752.17 153.86 771.14 195.72 0.29
16.78 321.48 145.72 356.32 0.28
746.59 153.65 775.82 229.27 0.27
24.08 327.88 103.95 341.91 0.26
742.70 200.54 785.04 257.31 0.26
