440.48 174.20 467.44 248.70 0.77
666.90 172.64 704.79 275.79 0.72
553.92 182.10 593.17 210.45 0.69
825.57 214.96 937.66 362.57 0.62
703.90 179.79 734.67 273.48 0.62
790.63 174.67 812.80 239.87 0.57
68.31 225.70 120.92 294.49 0.56
0.53 247.29 113.77 371.22 0.56
768.63 171.82 791.06 238.68 0.56
113.81 225.27 183.78 297.78 0.47
738.40 170.59 764.82 247.46 0.46
404.16 184.21 430.19 251.97 0.45
360.18 203.58 412.60 253.55 0.38
73.96 184.24 119.79 251.43 0.34
3.89 283.26 274.70 374.00 0.28
632.75 177.27 655.09 235.57 0.28
203.39 211.10 290.23 270.68 0.26
