135.29 169.08 274.98 371.73 0.87
260.51 153.89 341.53 373.81 0.80
635.00 167.95 664.03 252.97 0.68
673.64 171.29 702.88 247.10 0.67
797.00 225.65 972.67 359.94 0.66
460.63 170.51 481.30 226.24 0.66
703.67 168.82 729.73 237.44 0.65
550.10 169.23 585.09 200.27 0.62
905.12 269.32 1197.78 372.38 0.51
664.78 171.61 683.41 241.53 0.43
661.76 171.39 679.74 240.90 0.43
725.68 170.16 750.06 232.15 0.41
82.12 201.20 135.83 290.86 0.38
668.50 169.37 688.15 239.63 0.37
615.49 167.05 638.13 223.25 0.37
633.70 168.65 660.88 230.61 0.33
82.96 202.09 143.14 369.46 0.29
745.49 199.70 802.57 281.61 0.29
81.30 201.57 126.39 278.21 0.27
445.83 170.94 462.15 227.03 0.26
