671.94 178.71 709.18 262.63 0.76
433.31 178.59 456.25 241.58 0.76
536.40 182.14 572.63 208.74 0.75
635.73 174.13 664.43 263.58 0.69
879.80 253.94 1089.74 372.51 0.67
709.39 173.86 734.05 241.26 0.61
764.46 211.16 841.22 318.11 0.52
66.44 249.69 207.14 372.87 0.48
746.24 179.06 762.82 228.09 0.45
412.09 178.84 432.62 238.84 0.37
610.09 176.70 632.44 233.78 0.36
685.51 178.93 711.30 259.94 0.29
663.96 177.00 683.68 258.11 0.29
242.85 286.87 322.69 372.58 0.28
159.82 182.62 199.21 243.55 0.28
739.28 171.20 762.94 229.31 0.27
264.57 285.00 325.98 372.35 0.27
728.36 178.98 746.81 236.83 0.26
197.64 212.91 245.81 274.40 0.26
