551.34 181.94 589.80 209.85 0.73
662.38 171.20 698.45 272.46 0.73
441.19 177.29 464.88 247.85 0.71
699.45 176.07 731.40 271.20 0.66
0.19 287.11 64.30 372.73 0.63
814.04 206.87 919.49 353.79 0.62
26.37 246.76 140.32 374.00 0.59
734.66 170.09 762.07 244.78 0.46
404.72 179.59 428.01 250.59 0.43
84.31 193.01 133.70 291.86 0.42
777.74 174.56 798.97 237.37 0.39
728.37 171.09 749.30 244.98 0.38
125.50 222.88 201.03 341.03 0.37
659.16 171.34 700.19 244.81 0.36
129.31 223.99 195.27 298.38 0.36
781.74 174.49 802.61 236.24 0.32
775.14 173.15 793.44 236.83 0.29
86.23 221.62 132.66 291.81 0.28
707.80 175.69 734.40 271.39 0.28
