861.95 149.17 933.36 369.81 0.85
48.06 234.86 112.73 303.92 0.69
992.98 124.72 1089.81 303.51 0.68
504.19 166.42 531.39 246.06 0.57
752.55 215.97 848.02 327.40 0.55
161.27 315.22 231.51 372.51 0.54
0.00 233.98 74.19 334.60 0.52
102.18 247.30 220.30 371.41 0.52
624.93 165.28 648.08 232.77 0.50
238.88 292.49 291.13 372.80 0.48
480.30 171.07 507.67 243.33 0.46
271.07 283.48 333.41 373.50 0.44
193.57 208.44 238.58 291.79 0.37
324.86 248.68 372.45 338.50 0.33
651.44 165.47 670.96 224.45 0.32
545.22 169.04 572.87 192.04 0.31
237.18 215.09 310.46 298.13 0.30
692.50 165.63 717.11 217.68 0.30
663.33 165.83 681.33 225.32 0.27
