0.05 144.12 116.20 371.28 0.90
861.50 154.00 935.75 370.53 0.79
533.92 158.59 585.80 202.19 0.71
259.89 159.86 368.50 321.64 0.70
706.83 163.54 746.25 280.24 0.69
817.04 159.56 874.45 333.61 0.67
581.86 148.97 608.30 232.56 0.66
775.97 166.01 813.32 287.47 0.66
738.06 159.74 782.04 301.39 0.64
583.27 185.00 650.45 236.82 0.58
3.47 202.71 47.58 307.53 0.47
860.07 228.30 894.85 276.44 0.38
17.72 202.98 44.70 306.44 0.37
403.19 176.90 467.97 257.87 0.30
583.38 181.72 625.45 234.61 0.27
663.01 158.13 679.82 200.32 0.26
665.48 156.91 684.58 200.83 0.26
