1171.14 100.81 1237.76 368.28 0.86
421.27 168.21 474.37 308.15 0.86
469.02 164.95 510.66 298.69 0.82
667.25 164.45 694.64 237.78 0.72
79.48 298.99 185.86 372.57 0.66
563.89 167.28 595.80 194.16 0.58
620.03 162.66 650.20 238.91 0.54
696.91 165.79 718.27 222.68 0.54
102.61 243.79 209.40 370.53 0.52
771.47 212.40 845.36 319.68 0.51
886.78 228.52 1163.01 372.42 0.41
234.10 259.13 336.85 372.92 0.40
729.20 196.51 815.98 288.59 0.39
228.00 231.89 329.26 321.62 0.37
844.81 213.26 1018.63 373.26 0.36
728.79 202.11 781.12 287.16 0.32
723.45 158.69 757.83 238.23 0.26
