757.95 179.58 813.72 326.14 0.81
913.51 170.92 967.79 309.40 0.79
339.06 180.36 384.40 312.60 0.78
549.91 185.50 595.40 221.73 0.77
718.42 180.53 757.34 293.24 0.74
971.82 172.29 1028.57 307.57 0.68
245.21 184.35 290.53 267.90 0.66
694.44 184.72 723.56 279.21 0.62
641.79 178.72 665.28 248.35 0.62
0.00 245.74 105.04 320.08 0.61
659.87 187.81 683.22 251.62 0.48
0.00 261.44 21.56 353.20 0.45
690.78 180.94 721.04 262.98 0.33
0.00 250.70 83.84 353.77 0.31
645.03 178.84 673.94 250.71 0.26
596.11 185.90 629.13 201.83 0.25
