959.01 144.20 1051.95 374.00 0.84
1044.91 124.59 1126.62 325.66 0.83
503.12 162.18 532.27 257.85 0.78
473.37 166.81 506.67 256.24 0.64
637.58 164.67 667.48 235.01 0.64
93.04 266.54 187.78 372.89 0.63
139.68 333.11 211.65 372.76 0.52
0.19 296.72 60.44 373.64 0.48
636.11 164.71 659.21 233.91 0.47
802.63 221.18 912.58 360.09 0.45
679.79 167.57 702.33 228.36 0.34
684.82 204.10 741.13 264.10 0.34
741.69 211.06 847.69 344.11 0.32
831.22 232.35 913.76 336.78 0.30
801.41 220.02 867.28 362.56 0.30
552.42 168.23 582.04 193.27 0.29
702.65 161.36 727.89 216.51 0.29
273.81 263.41 344.38 372.52 0.28
182.61 223.02 244.74 275.75 0.27
616.76 164.91 634.16 213.26 0.27
