403.04 170.14 440.13 269.36 0.77
39.17 212.19 134.20 303.68 0.68
557.24 179.79 600.59 212.56 0.68
690.47 177.25 717.22 264.42 0.67
716.30 173.89 763.91 293.37 0.65
831.22 167.80 864.87 260.23 0.65
873.74 169.59 905.64 262.92 0.60
336.81 173.91 366.84 236.39 0.49
771.20 171.61 800.71 254.11 0.48
776.75 170.87 803.32 248.54 0.44
644.47 176.69 676.66 239.85 0.34
747.49 174.58 775.02 288.61 0.33
1021.85 273.61 1236.97 369.23 0.31
118.74 216.13 178.66 300.96 0.30
664.01 187.00 682.36 240.50 0.29
598.63 172.62 619.67 188.07 0.26
