0.19 275.05 96.17 373.09 0.75
439.20 176.45 464.15 245.35 0.75
692.14 178.44 725.73 269.83 0.73
50.42 244.72 159.57 374.00 0.69
658.47 171.97 690.86 272.09 0.67
724.17 170.03 750.52 247.26 0.67
547.48 182.73 585.39 209.55 0.64
801.11 203.73 902.75 346.23 0.58
403.74 178.12 426.06 238.27 0.49
101.96 223.28 144.10 289.62 0.48
1163.10 196.76 1237.34 371.24 0.47
94.42 179.79 141.51 236.26 0.42
139.13 226.03 210.05 336.78 0.42
769.09 173.04 791.34 236.62 0.41
730.70 170.77 758.85 245.62 0.37
141.20 225.63 210.51 305.26 0.35
623.00 176.27 651.02 232.89 0.29
765.78 170.28 787.43 234.19 0.28
762.29 170.19 782.68 236.61 0.26
401.32 191.86 426.83 250.55 0.26
