802.69 161.59 875.95 358.83 0.81
503.57 167.69 528.59 241.45 0.70
968.53 130.20 1043.69 292.61 0.69
43.58 225.85 144.57 319.57 0.59
481.55 169.26 505.42 240.13 0.54
614.14 168.17 637.67 232.50 0.50
109.94 229.56 157.79 292.68 0.48
280.67 270.21 353.27 373.40 0.46
156.45 284.21 282.08 373.69 0.40
1159.61 116.93 1205.33 287.37 0.39
51.18 296.97 183.11 373.59 0.39
721.18 212.70 788.56 313.16 0.38
637.28 167.48 657.52 229.20 0.33
216.89 295.19 277.37 372.72 0.32
44.71 227.38 143.39 374.00 0.32
269.04 274.25 336.68 373.27 0.31
620.17 166.49 639.83 232.19 0.29
536.88 169.66 564.67 190.61 0.28
652.79 207.48 740.99 310.28 0.28
645.31 163.89 662.28 226.28 0.27
223.96 203.13 276.32 276.57 0.27
672.03 205.60 782.62 310.75 0.27
1161.54 118.30 1224.21 287.54 0.27
192.88 203.17 226.79 244.03 0.27
301.50 266.63 359.29 372.76 0.26
271.23 210.95 317.74 278.83 0.25
