919.88 149.94 1003.33 371.88 0.88
504.30 163.92 533.23 253.65 0.79
1029.69 120.64 1091.01 314.82 0.74
0.06 243.56 68.42 373.86 0.74
480.41 171.20 508.39 252.80 0.62
781.61 214.70 886.35 348.41 0.57
182.68 315.47 251.10 372.99 0.51
985.74 268.57 1020.32 352.41 0.50
308.22 258.74 360.34 354.73 0.48
132.85 251.90 232.71 372.44 0.47
634.63 165.11 657.25 234.72 0.45
805.13 207.02 887.17 327.70 0.39
640.94 165.51 665.25 234.93 0.35
30.57 260.03 136.40 372.72 0.35
154.10 312.74 249.60 374.00 0.34
160.19 217.57 215.80 290.58 0.30
0.00 243.57 49.55 327.71 0.29
747.48 206.67 887.71 351.65 0.28
730.04 211.07 841.23 341.61 0.27
