693.13 178.06 727.47 285.16 0.70
754.85 175.02 781.40 255.48 0.69
437.82 172.91 469.76 253.26 0.67
820.77 173.22 841.79 247.50 0.66
724.68 179.94 755.18 280.62 0.65
868.04 216.26 1024.57 372.17 0.65
563.53 181.37 601.83 210.62 0.61
781.97 171.24 807.49 246.87 0.61
39.40 227.59 144.82 371.77 0.57
0.13 232.85 53.80 309.82 0.57
643.92 174.23 671.23 238.32 0.42
0.19 272.55 263.74 373.30 0.39
688.07 175.82 717.64 282.48 0.31
393.31 174.56 428.12 257.06 0.31
357.07 203.46 421.22 256.48 0.29
871.85 229.83 1025.58 372.12 0.29
180.18 207.38 269.57 275.42 0.28
0.00 297.54 211.26 373.57 0.26
14.71 176.71 60.81 251.79 0.25
35.26 216.88 67.78 267.96 0.25
