562.94 179.93 604.75 211.83 0.72
903.50 227.56 1096.72 372.03 0.72
427.79 175.75 459.27 261.48 0.71
730.25 182.07 761.07 286.16 0.66
701.52 176.65 736.98 287.72 0.55
834.73 172.65 857.79 249.84 0.54
797.43 170.55 822.71 249.94 0.47
0.06 239.43 64.05 373.57 0.46
757.52 172.79 785.39 256.82 0.46
143.93 214.40 221.01 287.74 0.43
384.34 178.29 410.76 234.82 0.39
765.11 176.73 790.88 254.56 0.39
686.92 176.70 713.12 257.74 0.38
644.61 174.34 670.59 238.06 0.37
791.80 170.35 816.83 246.94 0.36
15.05 221.69 94.33 306.96 0.35
383.28 178.37 414.21 265.09 0.33
25.99 236.45 94.63 301.35 0.29
0.06 240.88 49.86 352.10 0.28
791.54 175.90 808.76 250.04 0.28
2.32 215.51 93.91 306.60 0.27
738.09 180.84 764.33 282.91 0.27
362.86 214.49 415.36 266.08 0.26
