432.65 177.07 455.87 243.44 0.77
638.29 174.52 667.92 265.54 0.73
539.08 181.93 574.24 208.91 0.73
673.57 179.85 708.32 264.06 0.69
711.58 172.33 738.97 243.18 0.61
908.87 255.05 1114.48 372.23 0.56
771.45 202.67 852.35 322.02 0.55
67.81 257.41 192.14 372.13 0.55
742.37 177.07 763.44 232.68 0.51
408.60 180.34 428.89 242.05 0.46
187.64 214.52 233.75 276.71 0.37
225.07 292.39 310.91 372.64 0.32
638.08 176.73 663.21 248.68 0.31
746.49 173.02 766.26 232.22 0.30
686.43 180.08 711.77 261.46 0.30
665.53 176.02 686.40 256.99 0.30
171.15 330.07 220.55 372.60 0.29
142.56 182.52 192.08 276.19 0.28
698.03 178.77 716.01 250.61 0.26
611.88 177.40 632.57 232.67 0.26
