978.16 125.86 1079.98 297.78 0.85
841.98 151.75 911.85 367.66 0.82
503.79 164.30 529.89 244.97 0.70
1198.53 100.21 1237.71 295.51 0.65
480.57 170.84 506.30 242.47 0.58
180.36 306.81 251.41 373.81 0.53
2.32 316.62 135.30 373.92 0.52
206.28 203.24 252.55 287.61 0.49
624.49 165.90 647.28 232.63 0.48
651.25 168.12 671.44 225.68 0.46
70.71 232.87 131.86 301.24 0.45
272.70 276.31 342.58 373.76 0.44
743.19 218.36 837.75 320.38 0.43
0.00 232.33 101.45 358.59 0.43
130.96 242.52 227.14 362.76 0.43
935.74 153.38 969.52 231.68 0.41
619.83 167.07 643.40 232.92 0.35
702.27 211.02 812.98 319.20 0.32
256.65 283.50 317.39 372.64 0.31
106.55 304.75 250.98 374.00 0.31
182.15 198.82 217.71 252.18 0.27
