0.21 152.62 103.79 373.20 0.91
628.99 173.02 654.79 258.40 0.67
439.65 173.67 463.21 236.18 0.67
831.07 238.74 1016.42 371.87 0.67
537.25 181.67 574.09 205.53 0.62
673.73 171.97 699.73 256.20 0.58
709.42 171.11 732.75 238.83 0.57
609.18 173.22 629.42 229.66 0.49
995.23 183.94 1041.50 264.28 0.38
693.44 173.39 712.47 242.94 0.37
978.24 259.39 1227.53 372.62 0.36
664.75 173.91 681.34 252.45 0.35
667.65 173.30 689.53 252.40 0.34
683.47 174.43 703.81 254.54 0.34
152.71 190.06 270.21 365.50 0.34
752.20 208.12 824.07 301.11 0.30
278.59 265.10 352.11 362.88 0.28
420.75 182.69 440.60 237.21 0.27
93.17 255.86 165.77 372.07 0.27
302.61 266.31 352.19 360.70 0.26
