694.17 176.48 733.94 283.97 0.77
435.37 176.80 466.50 255.98 0.72
564.35 181.59 602.13 210.01 0.68
727.75 180.78 759.37 283.48 0.65
883.69 220.99 1047.34 372.07 0.63
756.65 180.84 782.93 254.50 0.59
10.01 226.56 114.15 371.78 0.57
825.59 173.78 847.91 248.63 0.51
0.06 179.27 33.58 271.20 0.45
784.01 172.57 811.35 245.61 0.44
645.22 177.19 669.53 238.74 0.39
0.11 230.76 25.29 320.38 0.33
348.63 205.02 407.60 259.42 0.31
176.42 212.05 268.26 279.46 0.31
2.13 259.18 247.79 371.84 0.29
156.41 207.33 260.26 278.90 0.27
