632.18 173.77 663.40 262.89 0.75
434.60 179.04 456.76 239.39 0.74
672.61 176.16 704.75 261.96 0.73
707.67 169.99 734.78 241.92 0.70
535.96 181.29 570.97 208.22 0.68
858.02 247.56 1058.74 371.75 0.54
859.62 243.52 1149.53 372.96 0.41
663.09 176.69 681.64 256.42 0.36
764.04 208.98 834.46 311.40 0.35
666.71 177.35 686.41 253.68 0.35
210.72 214.79 254.88 268.25 0.34
608.40 176.98 630.77 232.08 0.34
124.73 250.20 230.24 373.01 0.33
413.62 179.07 432.96 236.93 0.31
167.36 184.96 212.33 269.33 0.27
628.71 173.13 667.15 244.14 0.27
735.50 173.09 756.95 227.58 0.25
