929.46 223.33 1160.23 370.76 0.71
420.22 174.20 455.91 261.31 0.70
560.41 179.15 600.87 211.60 0.70
108.53 209.41 228.84 288.82 0.67
735.06 179.06 769.71 280.85 0.63
843.53 167.32 874.13 251.37 0.62
807.06 167.54 832.49 251.16 0.58
762.07 171.54 792.56 253.56 0.53
0.10 211.66 68.69 297.22 0.51
708.77 175.69 740.43 288.04 0.50
372.02 175.06 406.70 265.80 0.46
0.15 214.63 68.68 296.23 0.43
689.15 176.45 712.29 259.20 0.43
662.34 183.58 683.45 237.58 0.37
0.04 319.72 165.29 372.18 0.37
329.84 210.35 380.11 262.95 0.31
645.46 175.24 667.01 237.47 0.31
0.00 298.03 166.62 372.93 0.30
787.31 170.54 808.42 240.87 0.28
192.56 216.85 257.79 267.85 0.26
601.94 186.39 638.00 203.77 0.25
