326.32 155.97 406.71 373.18 0.90
222.66 168.96 339.72 370.56 0.86
641.47 165.17 668.32 247.74 0.70
677.83 167.10 707.46 245.02 0.67
787.84 220.43 939.17 345.97 0.66
724.86 160.36 748.44 230.20 0.65
558.21 173.39 592.13 196.88 0.57
621.96 164.44 641.60 219.31 0.54
876.52 254.55 1143.77 372.98 0.54
706.65 166.99 729.09 235.19 0.51
470.03 168.88 490.58 223.41 0.45
463.46 167.87 486.72 224.13 0.38
297.10 171.26 327.48 229.13 0.34
749.23 203.56 799.83 275.71 0.28
686.50 166.69 711.10 242.09 0.27
873.52 271.59 1064.63 373.39 0.27
363.27 192.31 407.00 287.20 0.26
