324.65 166.48 410.49 370.08 0.87
1005.57 286.68 1088.16 372.14 0.78
406.70 155.49 459.33 351.15 0.77
835.49 239.19 998.44 371.90 0.75
639.45 162.11 668.02 242.82 0.75
680.07 169.11 708.56 240.15 0.69
82.98 267.15 201.80 372.17 0.66
774.08 216.59 876.79 319.25 0.64
564.41 166.88 599.56 196.37 0.60
708.14 165.89 730.47 230.18 0.52
731.06 160.96 751.93 226.86 0.44
489.34 167.44 505.67 219.12 0.42
753.63 154.46 773.01 190.61 0.40
265.91 202.74 324.60 289.32 0.40
676.11 168.12 698.97 240.94 0.38
476.46 167.11 493.04 219.15 0.38
1105.97 340.23 1141.06 372.86 0.35
483.08 167.35 500.70 219.28 0.32
129.36 328.43 201.27 372.20 0.32
748.62 199.35 787.83 258.86 0.26
