455.32 159.25 497.76 315.91 0.83
186.05 291.37 298.15 372.21 0.80
566.58 167.00 599.96 195.53 0.69
404.69 165.03 460.09 327.11 0.68
675.43 167.01 701.59 239.78 0.67
792.97 214.97 927.74 339.45 0.66
185.78 242.37 291.37 370.53 0.63
703.73 169.04 725.37 227.30 0.56
45.82 255.83 145.71 374.00 0.51
0.28 326.49 106.90 373.32 0.50
629.00 162.62 655.27 224.52 0.48
628.07 160.60 653.37 212.10 0.47
495.95 166.38 515.40 217.81 0.37
745.03 206.15 832.70 299.96 0.35
793.31 221.73 887.81 335.51 0.33
246.04 292.81 301.56 372.45 0.32
385.66 167.78 413.14 208.23 0.29
384.29 168.64 414.82 222.56 0.29
598.65 165.32 628.75 184.06 0.29
745.56 211.23 808.06 300.68 0.26
