848.44 220.99 979.75 372.05 0.82
680.65 175.48 718.49 280.67 0.74
441.43 175.60 471.34 251.72 0.70
713.93 179.16 747.50 279.21 0.66
0.08 257.16 66.90 359.82 0.63
560.41 181.32 596.92 210.46 0.59
746.80 173.21 773.12 249.84 0.52
639.63 176.65 663.21 237.27 0.48
32.26 217.08 97.53 306.22 0.47
805.99 171.44 827.49 241.98 0.47
400.32 181.45 429.92 256.90 0.46
84.49 225.09 167.53 322.92 0.36
770.28 172.16 795.78 242.53 0.36
47.64 181.82 93.38 249.77 0.34
83.51 225.06 166.89 364.66 0.33
7.62 267.81 287.80 370.80 0.28
742.92 176.93 767.28 251.63 0.27
