977.83 139.39 1078.15 371.64 0.87
1054.24 123.76 1142.62 330.03 0.82
808.84 233.01 924.45 369.17 0.81
503.20 162.24 530.54 259.47 0.79
469.98 167.82 504.69 258.81 0.64
47.27 274.55 163.82 372.41 0.60
640.65 165.64 667.16 235.05 0.56
589.50 166.82 612.65 237.59 0.51
181.66 324.81 242.31 373.08 0.43
748.28 214.85 846.24 347.19 0.41
161.88 223.00 231.36 280.83 0.39
639.00 167.09 659.86 232.15 0.37
552.70 167.02 584.36 193.43 0.36
225.31 268.85 333.53 372.74 0.34
1053.15 276.76 1092.46 362.22 0.30
619.58 162.31 636.98 213.36 0.27
677.19 166.93 695.45 224.76 0.26
107.47 215.49 167.58 321.77 0.25
700.30 161.23 728.58 224.62 0.25
