1076.15 133.74 1185.88 372.29 0.87
849.78 244.78 988.31 371.78 0.76
454.98 167.38 494.59 269.81 0.71
492.14 164.05 521.91 268.28 0.66
238.07 280.96 293.24 374.00 0.57
313.01 254.77 382.57 339.88 0.54
139.53 289.10 268.97 374.00 0.49
75.85 226.33 168.37 311.69 0.49
646.95 163.67 673.18 234.46 0.47
795.60 237.72 988.96 373.13 0.47
1157.14 282.49 1201.28 373.56 0.42
553.30 167.35 583.73 192.61 0.40
782.70 228.17 930.54 372.46 0.37
0.00 230.45 81.73 371.30 0.36
74.54 229.45 165.74 372.90 0.35
683.87 168.76 704.49 223.15 0.34
0.03 296.46 92.93 373.73 0.34
596.58 165.52 618.47 240.78 0.31
612.50 159.30 635.28 210.14 0.29
0.00 229.60 78.80 331.76 0.29
73.01 216.83 110.20 273.57 0.28
993.90 155.25 1023.88 230.44 0.28
697.83 197.10 770.92 278.39 0.28
70.97 284.79 241.52 373.24 0.28
598.11 161.67 616.41 215.38 0.27
1057.08 283.42 1110.23 373.25 0.27
705.65 160.88 735.85 225.34 0.27
73.51 270.69 291.18 367.22 0.26
