388.45 165.74 451.25 335.40 0.83
445.80 160.56 492.77 319.37 0.82
161.95 245.18 280.40 371.86 0.75
803.01 208.99 906.99 342.60 0.67
676.80 165.43 703.81 238.27 0.66
567.39 167.57 600.36 195.96 0.63
705.02 164.10 726.43 227.51 0.60
182.39 295.29 286.66 372.54 0.60
907.04 227.53 1135.43 369.93 0.59
226.03 294.23 286.10 372.86 0.51
495.14 168.25 513.15 217.44 0.34
628.62 161.18 652.82 204.37 0.33
750.18 211.83 853.58 303.97 0.30
627.93 159.02 657.82 213.21 0.30
726.01 161.82 751.16 223.77 0.29
18.58 306.39 190.82 372.58 0.28
739.95 201.14 772.27 255.42 0.28
6.48 260.04 119.35 371.75 0.28
1161.94 172.28 1237.42 307.02 0.27
