414.38 172.42 450.57 266.27 0.77
817.25 169.77 847.36 254.16 0.72
558.45 178.82 598.29 213.08 0.69
713.52 178.65 748.89 290.91 0.62
688.74 179.18 717.03 262.04 0.62
854.23 170.68 887.96 257.52 0.59
79.80 210.91 211.65 299.32 0.59
765.07 173.86 792.42 257.56 0.53
662.74 186.23 682.09 240.41 0.51
741.95 179.91 772.20 278.97 0.50
0.03 221.80 39.64 304.69 0.49
359.10 178.53 386.68 234.48 0.42
321.01 216.96 391.77 269.70 0.39
787.20 172.96 807.66 244.70 0.38
645.49 177.77 667.58 238.30 0.37
134.52 212.55 212.06 298.17 0.35
649.51 181.63 675.43 240.01 0.31
340.61 220.80 395.52 270.10 0.29
961.46 252.65 1206.46 372.06 0.25
760.25 175.93 788.75 263.75 0.25
