428.92 176.28 462.30 259.03 0.73
563.36 178.97 604.38 211.95 0.72
0.00 231.48 79.48 372.67 0.71
891.37 221.82 1073.00 372.06 0.70
829.39 172.34 855.37 251.03 0.61
728.79 182.54 759.73 285.13 0.60
697.09 177.19 735.18 286.74 0.56
388.39 178.93 420.85 263.90 0.48
758.01 177.84 789.29 256.21 0.47
793.12 171.26 818.44 249.51 0.47
41.75 217.36 107.35 299.26 0.40
689.35 178.32 712.21 262.80 0.32
644.56 175.32 672.85 238.41 0.32
770.02 178.63 792.78 253.60 0.32
690.01 175.36 728.27 263.17 0.30
936.48 235.86 1073.40 372.68 0.27
143.61 215.70 216.51 285.44 0.26
755.90 178.01 777.14 255.25 0.26
0.28 268.18 233.32 371.68 0.26
