1021.18 139.47 1126.10 372.30 0.85
496.69 161.28 525.35 264.97 0.80
828.79 235.32 954.07 371.62 0.80
463.28 169.53 498.81 266.45 0.75
124.25 224.99 203.01 290.37 0.54
590.95 162.27 616.60 236.53 0.50
0.83 296.37 69.80 372.19 0.47
643.67 166.63 666.39 233.19 0.46
329.85 234.87 396.25 329.32 0.44
243.97 270.95 319.39 373.04 0.43
760.03 208.36 871.11 361.69 0.42
692.87 209.52 734.01 268.40 0.41
692.87 202.23 752.14 269.64 0.40
676.88 168.87 697.27 226.92 0.35
636.85 168.06 656.91 229.32 0.34
552.71 166.40 581.72 193.31 0.33
1101.57 281.38 1141.41 372.44 0.31
184.83 273.53 314.89 373.62 0.31
47.53 224.84 116.54 340.32 0.29
1079.65 108.00 1136.61 369.22 0.27
968.26 152.77 995.66 227.35 0.27
66.29 278.59 192.80 372.50 0.25
