945.01 238.09 1183.01 371.85 0.80
415.91 174.90 452.10 263.59 0.72
559.36 177.85 603.43 212.67 0.68
0.00 220.54 53.12 301.92 0.67
810.99 168.99 841.36 256.72 0.65
846.89 168.94 876.41 252.70 0.63
736.25 177.18 768.40 286.10 0.61
94.15 211.36 189.91 293.59 0.59
688.77 175.79 717.03 260.62 0.55
712.63 178.10 743.93 285.68 0.55
763.83 172.55 790.80 255.97 0.49
366.20 176.43 395.43 236.49 0.45
365.03 176.58 400.42 266.07 0.42
663.48 185.28 682.79 239.37 0.42
787.16 172.45 809.37 245.23 0.40
169.96 215.45 223.42 287.73 0.37
175.64 215.49 250.52 277.09 0.35
645.78 177.45 666.23 238.14 0.35
321.77 211.57 390.30 267.21 0.32
