0.05 187.47 109.24 371.88 0.88
103.74 163.14 209.06 372.48 0.85
447.41 170.62 469.33 231.95 0.74
631.21 172.95 655.46 255.59 0.63
541.74 175.71 577.85 203.32 0.60
673.07 172.63 699.21 253.89 0.59
666.60 171.91 693.41 251.86 0.50
703.99 171.56 727.34 239.85 0.48
693.55 174.64 717.58 240.82 0.46
230.12 223.18 300.78 326.73 0.44
660.64 172.36 680.74 248.28 0.44
712.43 172.81 733.21 238.73 0.40
609.53 172.46 629.61 227.24 0.38
224.15 172.41 262.90 233.11 0.34
655.40 172.88 674.20 238.97 0.34
328.46 260.15 372.20 343.23 0.32
813.64 244.00 1013.78 371.77 0.32
428.77 177.51 446.02 231.47 0.31
748.86 200.66 810.77 295.01 0.31
682.72 174.00 702.84 253.10 0.25
