719.47 178.74 751.78 279.04 0.74
685.52 177.08 723.07 283.09 0.70
860.01 229.04 999.21 372.98 0.69
437.86 172.46 470.22 252.74 0.67
563.14 180.94 600.34 209.97 0.66
749.39 176.52 777.50 250.57 0.58
818.44 174.36 838.32 245.01 0.58
1.19 229.32 77.18 305.96 0.50
396.83 180.71 428.07 258.12 0.48
64.02 228.31 158.52 364.38 0.39
0.38 274.38 276.78 371.63 0.38
813.60 172.33 835.64 245.81 0.38
177.48 211.86 272.94 275.46 0.37
32.20 180.37 76.39 232.76 0.36
357.28 204.64 409.66 255.83 0.35
778.50 171.95 801.87 245.33 0.33
641.82 178.16 663.15 236.55 0.33
400.76 179.23 425.78 230.38 0.31
661.84 179.61 682.56 238.69 0.30
745.74 177.37 767.61 251.07 0.29
227.91 213.04 281.84 272.97 0.28
31.44 179.79 82.79 250.75 0.28
66.17 228.07 150.39 313.50 0.28
