439.75 168.82 481.78 288.39 0.76
1126.55 102.29 1212.66 310.58 0.76
0.31 301.44 184.71 371.35 0.73
476.66 163.63 516.05 282.39 0.73
0.13 227.66 84.78 327.51 0.64
607.75 158.88 633.92 236.97 0.64
274.58 266.31 361.74 368.09 0.62
659.37 165.52 688.18 237.35 0.61
689.48 163.79 712.44 226.17 0.57
825.38 226.00 1080.98 373.37 0.55
559.59 162.79 590.75 194.64 0.55
118.09 305.40 232.63 373.98 0.52
713.92 196.41 787.20 279.52 0.37
754.01 216.87 840.56 305.73 0.36
751.44 208.28 820.08 305.57 0.34
379.17 191.88 439.53 289.87 0.31
161.16 228.88 239.29 306.04 0.29
711.72 157.52 750.76 229.53 0.27
918.80 253.45 1083.45 372.31 0.26
634.08 164.41 650.44 213.01 0.26
