418.88 170.74 468.70 314.29 0.81
461.33 162.53 511.42 302.12 0.80
219.92 281.60 324.69 373.43 0.69
624.20 163.25 650.58 239.35 0.68
670.90 162.55 699.05 238.89 0.65
1190.58 108.35 1237.72 354.34 0.61
96.72 245.73 192.92 373.54 0.60
698.94 165.62 721.15 223.39 0.52
565.24 166.71 596.61 193.68 0.51
217.08 233.15 317.92 330.57 0.49
735.11 196.95 823.63 291.24 0.46
778.30 207.44 890.21 325.51 0.46
54.20 309.91 153.63 372.72 0.41
856.71 217.89 1052.81 367.89 0.38
254.04 281.96 326.57 372.61 0.30
85.23 246.49 183.81 349.30 0.29
724.21 161.90 759.78 240.06 0.28
777.15 204.88 854.54 321.37 0.27
