877.52 147.85 957.89 372.67 0.83
763.64 219.44 861.06 333.30 0.69
139.04 319.74 210.65 373.47 0.67
506.31 164.89 533.69 249.06 0.66
1004.17 123.09 1085.03 302.59 0.66
24.65 237.24 94.87 309.64 0.65
78.29 255.82 190.11 374.00 0.62
480.09 171.51 508.55 250.20 0.58
262.52 284.12 315.34 373.94 0.55
629.00 165.61 654.21 233.47 0.53
224.45 297.68 285.82 373.77 0.42
0.15 239.54 43.63 341.45 0.41
546.54 166.76 575.39 192.01 0.40
576.47 168.77 598.86 234.43 0.39
935.62 271.92 971.25 336.92 0.35
694.34 162.84 719.75 220.68 0.32
1013.76 123.66 1064.77 252.95 0.32
181.82 208.51 234.20 295.62 0.31
325.74 256.03 367.09 340.46 0.31
299.23 257.17 364.25 343.00 0.30
184.47 242.59 270.73 374.00 0.27
712.96 209.48 803.05 319.46 0.27
27.24 238.04 93.78 365.12 0.27
246.90 214.95 300.79 300.09 0.26
