1160.31 147.41 1237.33 372.50 0.84
816.17 163.25 884.24 344.91 0.84
211.88 158.39 296.31 363.88 0.80
61.70 166.65 127.49 307.97 0.77
543.87 168.82 594.69 207.75 0.74
729.88 164.42 771.23 296.24 0.64
345.80 168.28 434.55 294.94 0.59
761.34 167.96 796.35 283.14 0.55
792.48 160.22 835.69 315.78 0.55
710.33 170.37 738.54 277.24 0.54
619.65 157.40 643.45 227.53 0.50
73.10 258.64 210.44 356.16 0.45
624.35 188.12 678.61 239.37 0.45
832.65 202.61 875.94 267.02 0.40
795.10 164.92 827.13 256.92 0.39
697.26 160.25 714.91 209.66 0.31
795.89 163.37 831.67 290.87 0.26
676.75 161.00 693.56 203.18 0.25
