410.18 174.49 445.50 269.78 0.74
860.02 170.30 893.13 261.23 0.74
68.84 214.44 153.44 302.22 0.70
558.86 181.09 598.39 212.03 0.68
689.36 178.78 717.73 264.20 0.63
821.07 167.53 855.33 256.81 0.62
714.20 176.27 752.61 291.25 0.59
349.18 176.72 377.42 238.86 0.58
764.42 172.13 793.33 258.68 0.55
138.29 218.10 202.40 301.04 0.42
787.22 172.72 805.52 241.58 0.39
304.64 217.64 390.49 272.93 0.39
663.00 186.34 681.69 240.70 0.39
744.53 173.02 773.58 286.65 0.33
646.25 176.16 672.64 240.38 0.32
760.62 174.94 788.82 265.38 0.32
0.00 224.50 27.46 308.78 0.30
979.92 257.17 1236.95 370.63 0.25
