346.28 169.79 421.06 370.03 0.83
415.95 158.28 471.92 344.05 0.82
826.37 218.74 974.86 364.83 0.78
90.18 261.22 205.73 374.00 0.72
566.34 167.32 600.35 196.25 0.72
638.31 161.48 666.25 242.98 0.71
681.64 166.50 709.47 239.51 0.64
155.17 318.24 227.69 372.85 0.60
767.96 215.28 867.00 317.06 0.60
707.82 165.80 729.62 229.20 0.50
730.11 161.85 751.31 225.95 0.46
122.93 262.18 208.05 373.14 0.46
490.59 167.95 508.69 218.77 0.38
748.23 153.24 777.00 231.38 0.36
1058.87 327.03 1100.86 373.03 0.35
976.87 279.61 1061.90 373.31 0.34
281.66 258.08 357.39 348.08 0.33
277.78 202.65 332.10 269.49 0.32
278.26 202.05 344.77 296.02 0.30
752.66 152.91 772.36 195.11 0.27
478.81 166.37 496.79 218.32 0.26
747.34 202.38 789.03 257.81 0.25
