387.79 168.28 427.60 277.03 0.79
689.46 178.64 719.07 266.04 0.71
311.74 172.18 347.14 239.11 0.67
849.51 167.81 888.48 275.58 0.66
553.76 179.44 596.84 211.64 0.66
0.00 214.76 85.62 312.99 0.66
736.36 175.89 779.98 301.68 0.62
895.70 169.88 934.09 275.65 0.62
786.04 173.60 811.29 248.11 0.56
66.85 216.68 142.35 307.01 0.47
715.93 182.11 743.96 277.20 0.47
0.62 216.13 84.56 312.11 0.39
764.43 177.40 789.56 257.74 0.38
661.61 182.81 680.33 241.46 0.34
134.07 218.90 189.01 279.92 0.31
644.83 174.72 672.02 240.43 0.30
898.07 168.97 969.42 276.73 0.28
598.08 171.28 622.30 188.20 0.26
