378.25 168.75 444.67 346.12 0.78
137.93 250.39 256.94 372.06 0.74
439.46 159.17 491.05 326.06 0.73
808.72 215.52 928.52 350.25 0.72
705.30 161.97 728.88 228.55 0.66
678.34 170.07 705.16 240.57 0.66
567.70 167.34 600.65 196.09 0.59
204.15 299.02 269.37 372.51 0.57
2.82 299.23 76.35 371.07 0.50
495.87 168.43 513.01 218.14 0.45
924.69 230.66 1149.82 370.02 0.44
627.73 159.94 652.57 208.75 0.39
758.35 211.70 867.05 307.49 0.39
0.12 264.21 76.81 370.96 0.33
635.28 164.52 661.34 241.87 0.33
308.35 246.53 376.42 335.66 0.31
628.08 158.67 656.77 227.99 0.31
744.88 154.39 775.89 237.95 0.29
726.28 162.65 751.55 225.33 0.29
1040.11 232.46 1151.42 370.82 0.27
