1.55 216.38 101.29 306.94 0.80
732.60 173.19 778.21 298.74 0.79
393.48 169.27 434.01 273.36 0.78
690.45 174.98 720.01 265.14 0.67
555.86 176.14 597.51 210.40 0.67
889.46 166.81 922.04 269.93 0.67
842.80 170.13 877.12 264.66 0.62
81.85 216.37 154.91 302.73 0.52
321.49 171.53 352.77 237.37 0.52
785.09 172.15 808.08 243.27 0.47
644.78 173.07 670.34 238.78 0.46
662.96 185.25 681.45 240.76 0.35
766.24 174.58 791.50 261.27 0.31
845.80 168.81 889.48 266.71 0.29
777.03 174.78 807.39 251.35 0.27
597.07 172.11 620.86 188.94 0.26
