1043.24 140.74 1157.58 373.07 0.90
459.89 169.45 496.03 269.85 0.76
495.17 162.55 522.51 264.95 0.74
842.12 242.24 969.83 372.60 0.63
230.24 269.54 307.56 373.05 0.51
17.31 228.51 120.53 355.52 0.50
320.33 250.69 390.46 335.41 0.49
643.90 165.75 667.02 232.21 0.48
774.50 237.94 901.22 370.14 0.46
1133.18 291.65 1170.25 372.36 0.46
695.50 202.54 765.41 279.41 0.41
164.89 278.49 303.34 374.00 0.41
102.05 230.33 184.70 297.98 0.40
139.32 231.63 182.42 288.35 0.40
592.78 161.80 617.16 234.12 0.36
678.96 168.59 698.08 224.63 0.34
1034.04 288.47 1078.77 372.35 0.33
648.84 165.11 671.49 232.90 0.32
552.37 166.00 582.86 193.05 0.32
694.57 210.91 733.14 269.85 0.27
16.87 227.66 93.13 345.96 0.27
19.41 229.30 163.17 370.31 0.25
