1092.32 126.17 1216.76 370.80 0.84
810.85 237.62 1010.03 372.54 0.77
488.04 162.76 520.16 271.92 0.76
452.51 166.55 491.63 276.12 0.74
52.75 231.90 148.46 320.88 0.62
647.35 165.13 676.00 233.71 0.52
597.76 163.88 621.22 237.85 0.48
302.01 255.91 378.30 347.72 0.45
656.73 165.00 680.80 233.72 0.44
555.44 166.46 584.91 193.27 0.37
707.33 152.84 737.45 194.10 0.37
53.45 233.21 148.00 356.70 0.36
700.57 190.99 750.05 273.79 0.35
0.08 309.81 39.73 371.91 0.34
218.49 286.42 278.47 372.71 0.32
731.50 197.00 784.18 293.93 0.30
684.02 162.66 703.97 222.08 0.29
23.76 289.92 231.67 372.86 0.27
