610.12 173.60 667.96 312.16 0.83
507.17 175.84 579.55 226.61 0.82
946.12 167.64 1010.05 373.50 0.80
448.49 158.80 487.81 261.46 0.72
780.08 173.70 837.52 354.02 0.71
702.89 167.17 748.74 278.08 0.66
1006.00 205.22 1112.03 339.95 0.60
763.36 165.75 794.96 271.66 0.59
1007.13 203.96 1065.42 341.97 0.58
833.63 152.81 895.20 337.24 0.58
1011.22 161.28 1144.46 368.16 0.55
398.90 169.32 452.78 276.60 0.48
1058.06 187.56 1147.30 368.28 0.41
463.67 207.58 509.36 264.65 0.36
642.60 202.16 666.91 245.10 0.36
1007.95 278.74 1065.17 342.07 0.35
836.59 174.31 882.03 335.60 0.35
192.92 185.23 371.88 364.36 0.25
