937.97 170.64 1023.42 373.88 0.85
1024.27 163.36 1187.87 372.45 0.85
624.32 171.10 689.00 319.06 0.82
459.68 158.10 497.73 260.21 0.79
511.84 176.70 588.78 228.07 0.74
784.04 170.09 846.28 353.73 0.70
1018.82 266.22 1076.56 348.71 0.64
717.95 163.65 758.98 278.71 0.63
838.03 171.29 881.10 336.31 0.57
1019.69 212.82 1077.82 347.34 0.55
776.86 173.02 804.36 274.27 0.45
248.50 186.54 375.75 352.14 0.37
870.41 164.84 909.83 304.96 0.36
825.19 168.84 883.00 344.58 0.32
404.06 170.09 464.03 274.89 0.29
486.62 207.43 520.97 264.35 0.29
