967.70 171.39 1047.90 372.48 0.81
687.34 181.37 756.59 320.34 0.80
541.90 176.71 604.77 229.90 0.76
1047.28 161.94 1169.79 370.29 0.74
795.33 171.20 863.87 370.95 0.73
502.92 164.18 542.83 262.31 0.71
884.75 167.87 936.65 307.66 0.67
1044.13 208.62 1112.99 359.84 0.61
851.98 184.95 902.34 335.92 0.60
1043.78 285.80 1113.73 357.13 0.42
762.33 170.19 802.95 281.33 0.40
757.27 171.31 791.82 279.48 0.39
1044.00 207.79 1160.37 361.78 0.38
1043.77 257.11 1113.77 359.85 0.29
278.57 196.29 414.72 334.22 0.26
673.49 167.73 698.55 217.57 0.25
