585.42 166.75 672.61 368.25 0.80
499.57 169.50 546.45 287.98 0.76
320.25 175.71 371.26 298.05 0.75
431.67 170.11 489.78 320.36 0.64
193.64 184.36 294.87 326.31 0.62
387.32 170.89 416.63 261.28 0.48
448.29 169.20 492.67 319.46 0.42
410.35 168.61 445.92 279.64 0.40
613.85 201.46 670.81 276.50 0.33
637.85 235.54 673.02 272.95 0.32
544.96 231.18 577.01 283.27 0.32
479.33 165.77 509.69 265.43 0.31
631.50 209.22 674.41 273.53 0.31
596.84 196.15 651.57 280.13 0.30
556.64 168.96 593.06 280.52 0.30
549.68 169.02 587.17 283.65 0.28
280.43 165.33 315.87 258.63 0.26
