555.06 173.99 609.64 308.80 0.87
489.45 175.01 562.39 230.07 0.81
883.91 166.16 951.52 368.39 0.81
939.79 165.97 1065.42 372.36 0.76
790.75 171.28 841.45 299.96 0.73
731.24 169.41 779.83 334.67 0.72
936.57 205.40 983.20 319.61 0.69
655.29 167.96 687.72 270.83 0.65
771.96 173.38 812.03 318.45 0.60
936.66 258.19 983.84 321.82 0.54
695.92 166.10 730.38 266.39 0.46
127.43 187.31 323.39 371.07 0.43
371.33 170.92 434.34 284.82 0.41
610.55 162.11 630.97 220.75 0.39
405.00 151.86 449.49 254.65 0.32
405.20 150.40 445.18 206.46 0.26
