490.36 176.04 560.60 230.20 0.85
946.35 158.50 1070.71 371.88 0.84
886.09 168.83 958.84 372.29 0.84
558.68 166.82 616.65 308.63 0.82
661.03 166.71 693.32 272.06 0.72
743.13 169.77 794.01 333.58 0.66
796.52 168.51 852.37 313.98 0.64
691.41 161.78 744.86 270.74 0.54
942.87 203.47 994.91 318.76 0.54
615.21 162.38 636.39 219.37 0.54
779.27 175.40 824.73 329.79 0.51
371.81 178.28 437.46 283.16 0.51
943.19 257.08 996.01 319.19 0.51
134.12 186.14 329.45 371.22 0.44
415.48 152.00 451.17 209.62 0.39
416.87 153.34 461.60 258.32 0.34
414.52 153.67 453.76 236.88 0.34
429.04 204.83 468.96 262.67 0.33
592.86 203.25 615.38 239.54 0.32
706.81 163.18 738.41 270.84 0.29
