928.61 164.67 1036.96 371.97 0.80
631.71 174.05 683.68 275.39 0.79
481.39 175.22 550.33 233.39 0.78
538.81 173.67 595.11 305.51 0.76
710.02 170.15 773.09 337.91 0.73
772.11 172.65 824.89 315.51 0.68
680.04 167.50 714.49 269.75 0.67
884.52 169.36 941.81 358.49 0.66
601.56 177.44 618.23 219.31 0.46
103.62 185.32 314.94 369.62 0.44
358.15 183.48 426.52 287.29 0.42
396.82 154.35 444.85 255.84 0.39
559.76 177.73 595.27 304.30 0.39
927.27 224.73 968.11 312.95 0.34
926.86 269.03 969.34 311.93 0.31
927.55 196.76 973.93 312.70 0.29
