502.81 175.03 580.52 226.94 0.77
592.52 173.65 659.25 315.03 0.77
771.83 173.00 834.36 354.04 0.74
1002.05 158.34 1111.05 372.58 0.73
933.04 169.98 1012.83 372.60 0.70
441.48 155.06 481.56 255.76 0.67
699.80 164.89 744.25 277.64 0.66
828.72 173.40 882.78 336.99 0.65
755.60 165.75 786.54 269.17 0.62
995.63 207.22 1058.36 335.14 0.40
186.25 185.57 361.71 367.23 0.34
466.17 208.29 502.55 264.61 0.33
634.74 201.74 657.99 240.92 0.32
996.02 267.69 1059.67 338.39 0.29
453.62 208.47 499.05 264.55 0.28
641.13 166.27 663.56 213.69 0.26
395.63 173.87 452.80 278.15 0.26
