955.12 156.31 1065.20 372.21 0.89
889.97 169.81 963.77 372.99 0.85
561.49 170.67 622.85 307.53 0.80
493.40 175.71 573.06 229.64 0.75
662.06 164.49 702.78 273.13 0.68
746.53 169.88 811.05 345.04 0.65
798.03 168.29 853.65 329.11 0.65
379.02 177.73 438.76 282.71 0.60
707.86 165.17 750.52 272.46 0.57
145.49 186.19 336.32 370.40 0.52
418.42 156.13 456.41 249.95 0.48
597.90 201.31 622.29 240.60 0.44
782.65 168.68 847.77 333.70 0.43
952.94 198.14 1008.28 321.35 0.42
953.68 249.57 1008.79 322.93 0.34
742.45 166.70 795.32 329.09 0.31
955.18 273.89 1007.92 320.77 0.29
434.01 207.80 476.26 262.79 0.27
205.88 185.86 335.88 370.00 0.27
815.15 163.26 852.79 327.80 0.27
418.67 156.69 455.55 214.91 0.25
