405.13 173.56 447.41 295.04 0.75
720.61 166.94 789.34 365.46 0.73
522.69 162.71 569.43 317.06 0.68
735.73 205.76 782.19 275.95 0.63
262.70 172.20 353.47 307.11 0.59
578.62 165.81 616.81 285.22 0.58
669.31 157.79 736.89 324.65 0.57
494.18 162.41 524.07 269.46 0.55
436.75 173.35 466.31 269.66 0.51
615.75 162.73 662.94 283.57 0.47
734.30 230.96 782.80 277.51 0.42
454.65 173.02 502.99 230.58 0.39
0.00 195.22 159.06 368.74 0.38
652.13 163.48 679.26 283.63 0.35
553.85 167.11 592.07 301.95 0.32
623.93 160.52 676.82 285.39 0.32
725.95 190.93 782.48 277.04 0.31
