647.39 158.63 701.95 359.66 0.73
532.47 167.06 575.26 285.62 0.72
462.87 162.90 519.44 316.07 0.71
354.90 173.43 396.78 296.97 0.68
573.44 162.45 619.49 283.67 0.59
225.33 175.28 318.08 316.49 0.58
410.34 174.47 437.58 262.82 0.57
354.08 173.70 390.31 275.82 0.56
604.34 162.95 660.39 318.65 0.50
649.73 193.45 694.56 279.30 0.45
439.15 168.73 473.48 272.28 0.44
650.93 226.77 694.52 276.99 0.31
382.88 174.87 410.69 256.58 0.30
448.39 168.49 474.28 269.66 0.29
507.16 169.42 539.00 299.07 0.28
377.29 172.38 410.99 287.76 0.28
