790.94 180.49 856.06 356.30 0.78
936.38 180.27 1010.86 372.41 0.72
529.16 162.59 564.12 265.20 0.72
1018.46 164.53 1147.63 372.69 0.71
888.30 172.02 941.52 306.17 0.68
1015.06 211.41 1081.12 350.68 0.64
717.47 183.85 777.08 322.49 0.60
1013.56 281.92 1082.34 350.62 0.51
857.91 188.56 901.29 332.74 0.48
538.88 208.81 595.32 269.07 0.37
559.01 181.18 603.73 223.08 0.37
693.97 175.53 714.35 227.47 0.33
439.48 183.98 502.79 269.59 0.29
705.30 181.45 730.31 267.47 0.26
675.84 176.38 695.01 222.69 0.25
320.94 191.73 438.31 321.67 0.25
