970.52 175.32 1040.37 373.74 0.82
526.55 175.92 597.83 226.83 0.82
655.14 173.45 725.91 325.53 0.74
484.35 163.42 523.30 263.38 0.74
746.01 166.39 787.10 281.69 0.69
1043.71 219.63 1113.67 370.53 0.68
803.29 170.53 862.93 362.70 0.65
878.92 163.74 924.67 302.02 0.64
1045.20 166.72 1165.30 371.12 0.64
846.37 173.01 891.99 344.06 0.50
1044.06 298.13 1112.94 371.78 0.46
804.65 169.97 888.97 362.62 0.41
707.72 182.97 750.52 220.79 0.37
518.11 208.41 551.06 264.55 0.30
250.14 182.72 400.09 344.97 0.30
676.41 171.74 726.39 323.76 0.27
