172.94 180.21 238.11 351.00 0.78
285.34 182.90 408.11 289.26 0.75
238.86 168.95 309.82 347.45 0.75
36.87 186.23 149.06 372.60 0.72
444.01 168.39 475.90 244.56 0.54
655.45 167.89 676.61 227.29 0.48
0.06 186.50 39.67 366.07 0.44
117.38 170.85 179.56 327.06 0.40
129.17 174.12 187.51 325.46 0.34
507.41 162.41 524.12 211.16 0.31
223.44 266.72 260.27 326.55 0.31
221.59 252.74 262.49 323.68 0.30
600.92 183.46 633.88 210.46 0.28
34.79 176.55 69.97 235.06 0.28
524.81 162.80 541.28 211.95 0.27
276.55 200.25 315.46 258.54 0.26
391.27 162.73 416.20 213.25 0.25
