908.98 169.63 978.52 372.84 0.80
496.72 175.97 567.25 230.54 0.75
568.71 168.41 632.20 314.46 0.73
976.86 164.30 1069.97 373.87 0.69
673.79 164.62 717.38 277.94 0.67
429.29 151.62 467.61 257.95 0.63
765.41 171.56 822.69 342.67 0.63
807.41 166.46 859.29 326.47 0.57
968.98 206.60 1031.00 334.98 0.52
731.93 168.77 763.81 269.68 0.51
159.83 183.31 346.78 370.79 0.51
970.80 278.38 1030.76 337.23 0.47
968.23 252.16 1029.24 336.48 0.46
443.89 206.64 484.53 265.08 0.43
385.34 177.44 444.79 280.18 0.41
561.14 181.77 596.19 223.41 0.27
