598.62 164.40 682.82 365.73 0.84
335.09 171.00 381.80 296.36 0.82
433.11 167.53 499.52 321.26 0.79
513.80 171.60 561.33 288.28 0.71
203.48 178.96 304.75 323.03 0.70
393.63 173.49 423.00 260.58 0.58
418.63 169.02 452.02 274.32 0.43
560.48 168.63 603.99 285.25 0.39
485.45 163.75 516.77 260.82 0.34
573.96 170.15 619.32 287.86 0.32
644.73 198.62 683.73 276.41 0.32
552.08 230.64 585.09 283.17 0.31
654.56 213.00 685.36 275.65 0.28
616.45 225.99 662.31 278.23 0.28
650.88 220.05 681.32 275.08 0.28
589.91 178.41 620.14 287.45 0.27
