894.09 166.81 980.56 372.44 0.79
521.50 174.56 569.39 302.69 0.76
846.38 168.72 905.69 355.06 0.76
652.07 161.90 687.48 266.95 0.74
604.09 168.33 642.57 271.17 0.71
680.13 162.80 741.64 326.75 0.70
473.95 174.61 536.82 231.67 0.70
748.12 170.60 798.92 297.07 0.69
578.57 163.26 597.73 219.37 0.59
893.12 204.84 939.35 310.53 0.52
335.03 169.62 413.61 289.86 0.48
892.44 262.59 940.77 311.72 0.36
891.81 243.02 938.90 310.02 0.31
61.52 186.99 290.41 370.01 0.30
548.07 204.40 568.22 239.29 0.29
723.00 169.88 757.18 287.82 0.26
