548.88 174.44 602.72 309.53 0.85
888.27 165.51 944.61 368.40 0.85
939.54 166.83 1055.76 372.44 0.84
717.91 169.78 775.40 335.12 0.77
487.36 174.43 556.57 232.30 0.77
784.26 171.95 832.51 304.56 0.68
641.46 169.90 689.68 273.44 0.62
689.47 163.89 721.73 267.89 0.59
765.14 180.80 807.64 322.96 0.52
401.33 149.59 445.36 251.94 0.46
117.39 187.94 315.69 371.42 0.39
935.37 205.56 972.66 315.08 0.38
606.40 164.97 622.82 216.77 0.36
366.11 181.81 428.72 286.62 0.34
401.38 150.49 443.32 214.09 0.30
776.15 175.59 824.35 318.10 0.26
936.04 277.72 970.94 315.25 0.26
