956.79 171.64 1037.04 372.09 0.83
523.33 175.75 596.30 227.57 0.83
653.24 170.13 719.60 324.20 0.79
1044.87 164.66 1161.26 368.71 0.76
741.33 171.23 781.43 282.12 0.74
1042.61 220.00 1111.62 368.31 0.73
478.96 162.29 519.95 263.27 0.67
804.24 172.31 865.65 366.99 0.66
876.05 164.50 919.28 304.93 0.63
847.86 173.19 892.50 344.60 0.50
1039.99 295.77 1110.38 370.58 0.42
806.25 173.12 889.54 365.74 0.37
712.59 177.40 745.73 222.30 0.36
694.11 207.06 718.72 254.88 0.30
860.68 170.44 894.28 329.50 0.27
