532.16 166.07 586.48 316.22 0.72
739.49 169.26 828.11 369.56 0.70
269.55 175.25 360.01 305.14 0.67
415.41 174.23 463.55 294.42 0.66
584.92 168.48 624.18 278.94 0.58
498.50 164.55 533.01 268.96 0.56
636.36 164.14 678.34 286.52 0.50
690.59 166.63 751.29 327.59 0.48
445.50 176.34 472.61 262.67 0.44
756.12 232.00 801.37 278.43 0.41
453.94 173.85 505.86 227.79 0.39
752.19 206.68 804.48 278.49 0.39
751.67 200.27 820.08 278.74 0.37
0.13 195.60 170.84 369.60 0.34
747.27 200.86 803.04 279.22 0.30
754.83 221.93 819.40 279.87 0.29
