394.44 172.20 436.95 295.33 0.81
509.06 162.78 570.06 319.03 0.77
707.80 162.83 763.89 360.14 0.74
478.29 163.83 521.24 270.03 0.66
571.03 168.11 614.22 287.84 0.63
666.72 169.68 723.63 324.72 0.59
617.27 162.35 668.37 285.92 0.56
719.87 207.87 762.40 275.58 0.56
258.17 169.88 345.39 308.71 0.54
428.43 174.63 463.42 272.49 0.53
0.46 195.75 145.86 369.63 0.41
602.77 226.47 638.15 281.99 0.33
605.06 163.84 660.83 284.29 0.32
644.14 166.97 674.44 285.75 0.31
448.62 173.37 491.64 230.92 0.29
712.24 181.92 761.87 277.38 0.26
