943.08 174.45 1031.03 373.85 0.85
1032.51 158.98 1170.01 371.66 0.82
642.46 172.89 701.47 316.17 0.79
517.91 174.69 590.53 228.81 0.79
469.83 159.59 508.46 260.73 0.70
789.30 172.61 859.53 368.39 0.68
731.72 170.33 765.91 278.94 0.65
870.04 160.94 924.30 308.79 0.64
841.00 171.80 883.40 332.96 0.51
1029.42 196.00 1149.96 350.43 0.41
1030.40 286.60 1099.35 348.72 0.41
412.41 169.02 469.15 274.00 0.40
1028.91 195.18 1100.91 350.82 0.40
475.98 207.56 529.32 264.99 0.36
223.25 183.47 385.73 353.48 0.33
223.07 197.33 384.46 355.10 0.31
1028.04 257.97 1097.36 350.42 0.30
