40.89 173.05 125.15 371.96 0.81
224.23 172.67 301.15 371.00 0.76
116.59 176.75 212.02 372.39 0.74
327.34 167.97 390.38 330.86 0.74
279.19 175.71 331.45 327.88 0.62
113.14 220.79 169.56 344.04 0.59
113.87 292.36 168.77 340.99 0.55
368.09 182.74 444.89 272.54 0.54
620.81 181.19 650.83 207.45 0.43
407.75 184.78 445.00 256.92 0.34
116.00 261.80 170.16 342.08 0.28
477.74 174.27 500.15 232.65 0.28
538.43 169.90 559.75 212.87 0.27
329.04 178.89 442.43 273.35 0.26
534.94 171.79 551.81 213.36 0.26
666.07 171.16 685.27 222.15 0.26
