700.79 177.43 765.31 323.91 0.83
516.20 161.97 553.96 263.98 0.78
799.43 172.36 859.49 365.92 0.76
951.79 177.18 1040.19 372.28 0.75
887.48 165.01 938.82 302.21 0.68
1040.05 173.91 1189.30 372.12 0.65
1035.29 240.94 1093.33 367.64 0.52
855.83 179.15 914.57 340.24 0.50
549.92 178.81 603.64 229.61 0.43
686.42 179.97 714.68 264.48 0.39
1035.37 293.68 1093.07 367.00 0.36
517.48 208.76 561.47 264.67 0.33
777.34 176.64 811.90 284.66 0.33
774.17 176.43 804.46 277.94 0.30
761.05 181.74 789.62 279.70 0.30
298.94 235.76 424.51 326.71 0.29
298.02 189.04 426.15 326.56 0.25
