979.26 176.73 1050.96 373.42 0.86
529.02 176.68 600.88 228.13 0.82
665.22 170.80 734.88 320.65 0.79
1046.47 162.70 1166.30 372.36 0.79
492.77 162.59 529.95 263.47 0.78
750.80 170.30 790.65 280.71 0.76
881.37 167.94 934.00 306.73 0.67
802.71 168.35 865.35 361.75 0.67
1037.16 209.18 1115.49 363.85 0.62
261.30 232.26 399.83 342.18 0.52
849.68 173.51 892.46 337.18 0.51
519.17 205.94 558.23 264.63 0.44
1039.97 207.06 1166.31 364.41 0.40
500.52 206.20 549.21 264.65 0.30
910.40 179.28 937.04 231.37 0.29
1041.69 288.70 1115.97 365.75 0.28
261.05 183.30 406.74 341.95 0.26
