923.89 169.48 991.86 372.99 0.83
767.41 169.66 822.73 345.62 0.79
569.66 173.85 642.46 315.19 0.79
500.44 176.66 573.19 229.30 0.72
980.90 163.44 1087.57 372.52 0.69
432.68 154.80 470.98 257.10 0.68
680.22 165.84 723.30 276.36 0.67
982.87 204.40 1042.57 338.30 0.64
735.66 169.76 768.71 271.22 0.64
814.56 167.04 871.28 325.42 0.62
983.56 247.79 1041.77 338.59 0.49
390.26 177.83 451.14 279.12 0.44
168.75 183.70 353.49 370.27 0.43
982.51 281.69 1040.66 339.27 0.42
617.73 202.08 642.39 255.20 0.31
592.97 176.08 641.53 315.27 0.26
