807.38 160.12 873.76 313.92 0.81
257.14 170.74 309.71 278.53 0.79
721.34 168.61 768.88 321.58 0.75
1094.61 140.11 1168.63 299.64 0.66
1044.00 148.07 1091.74 276.00 0.61
376.77 164.15 417.43 261.08 0.59
408.97 162.84 492.92 222.31 0.53
784.93 154.06 818.31 261.70 0.49
349.46 172.56 373.50 242.50 0.47
619.69 165.58 645.57 233.62 0.43
518.78 149.17 561.27 198.18 0.43
1114.41 139.58 1169.17 289.61 0.27
1092.69 146.04 1134.94 290.71 0.26
463.59 160.86 496.86 213.26 0.26
851.65 193.80 874.35 253.90 0.25
