262.46 171.43 312.75 277.60 0.83
722.93 165.91 773.07 321.72 0.74
811.39 166.37 876.79 318.90 0.71
1040.81 153.22 1088.85 279.24 0.62
379.42 171.80 423.16 258.30 0.57
1088.75 151.02 1158.68 302.79 0.57
410.23 163.14 493.04 221.81 0.54
356.38 172.78 384.97 258.04 0.43
1119.92 143.06 1176.83 279.60 0.41
518.60 148.38 560.70 197.72 0.38
796.34 159.07 821.88 261.80 0.33
796.47 212.71 827.02 262.66 0.32
619.43 171.42 647.91 237.43 0.30
1094.02 143.86 1175.45 292.45 0.29
624.34 169.32 646.44 229.71 0.28
