786.72 170.19 844.17 347.20 0.82
882.41 164.58 955.20 349.43 0.76
505.96 167.01 534.96 261.26 0.71
178.14 167.43 256.47 336.95 0.68
713.75 168.25 740.35 237.63 0.56
983.06 157.94 1020.93 255.94 0.53
1134.75 148.69 1186.82 239.18 0.47
957.68 161.44 993.51 269.27 0.40
87.16 173.22 153.44 248.58 0.39
206.61 236.51 251.43 273.08 0.35
306.37 185.78 327.33 247.13 0.34
87.34 172.78 155.73 279.20 0.32
1131.79 147.18 1188.04 288.01 0.31
492.42 177.34 509.36 228.40 0.30
469.94 169.81 491.31 230.28 0.27
83.69 231.42 163.83 347.66 0.27
0.57 222.94 164.91 350.63 0.25
