851.88 166.94 938.85 372.69 0.85
769.49 179.41 832.81 372.25 0.83
190.41 168.88 264.57 368.68 0.78
1020.33 290.69 1233.90 371.76 0.63
513.25 170.80 562.15 222.29 0.54
1104.13 176.15 1167.16 342.90 0.43
1155.14 154.54 1190.10 241.43 0.43
736.22 176.69 764.88 256.46 0.40
397.83 193.80 416.22 239.00 0.36
737.87 176.44 774.95 259.98 0.35
564.98 166.33 610.22 203.76 0.34
297.18 207.21 370.97 278.10 0.32
109.95 227.68 188.40 329.80 0.31
50.09 233.65 130.23 351.17 0.31
81.13 231.94 187.10 328.24 0.29
756.30 174.97 781.71 258.07 0.28
744.70 175.96 781.46 259.36 0.28
55.90 226.83 186.77 342.71 0.26
