841.56 170.42 950.00 373.17 0.91
764.91 179.85 845.00 372.00 0.83
192.42 167.36 277.26 367.60 0.79
1078.52 168.92 1137.81 323.62 0.72
521.65 172.15 575.86 221.77 0.56
961.44 278.52 1184.25 372.80 0.56
758.57 178.96 781.70 224.25 0.49
962.25 279.40 1118.22 372.95 0.43
580.63 170.78 623.52 201.37 0.38
123.99 233.45 199.62 321.07 0.37
479.70 181.72 494.87 225.77 0.33
116.96 232.92 178.26 334.34 0.31
119.49 244.74 161.97 333.50 0.29
142.53 249.18 203.02 317.95 0.28
1181.61 174.65 1212.68 242.68 0.27
214.30 246.57 262.74 294.76 0.27
277.34 213.30 324.22 275.83 0.27
1188.58 174.47 1210.40 237.83 0.25
962.29 278.85 1065.32 373.69 0.25
