881.03 162.29 957.80 348.73 0.87
784.66 171.18 855.90 348.98 0.79
513.89 166.51 548.17 260.49 0.75
182.48 166.28 260.07 333.25 0.73
715.84 168.80 743.74 237.08 0.57
982.66 158.91 1017.72 265.72 0.53
963.41 161.71 994.61 269.98 0.50
1137.22 146.72 1189.60 241.80 0.50
0.32 221.23 172.26 348.29 0.36
92.41 226.10 173.31 344.39 0.35
1135.69 143.57 1189.40 291.20 0.34
100.06 169.93 162.25 278.35 0.33
99.86 172.88 156.34 245.84 0.31
0.00 230.69 84.67 348.46 0.29
493.85 175.69 515.21 230.08 0.26
698.55 173.71 718.34 221.49 0.25
