934.27 219.34 1137.12 373.03 0.84
666.33 167.49 722.16 348.35 0.83
716.73 161.88 797.49 345.30 0.81
812.25 227.60 907.23 355.24 0.65
209.14 244.45 326.32 373.10 0.62
220.24 157.66 326.85 364.48 0.61
522.17 166.21 569.55 207.28 0.44
203.74 166.33 256.73 334.63 0.42
778.67 164.76 807.60 234.70 0.39
422.72 189.40 450.02 237.52 0.31
839.19 168.97 874.04 252.28 0.29
405.06 193.67 449.05 238.26 0.29
204.53 167.94 253.94 254.33 0.28
1046.96 216.95 1236.83 342.30 0.27
811.18 167.32 833.25 214.87 0.27
646.42 182.13 674.59 213.53 0.26
