775.16 172.73 831.58 350.94 0.78
213.32 169.12 281.87 337.13 0.77
551.55 172.05 591.61 255.75 0.74
869.80 164.54 952.62 361.82 0.73
140.54 224.19 220.38 326.29 0.61
721.94 168.50 744.28 236.30 0.60
997.73 162.29 1052.93 269.18 0.59
944.21 158.16 985.02 250.34 0.52
321.44 182.22 344.01 244.97 0.45
155.49 175.82 211.11 237.38 0.43
1136.53 149.47 1174.49 258.77 0.36
1136.19 149.07 1193.72 260.63 0.36
513.37 173.52 532.53 228.26 0.35
494.67 177.58 510.95 223.52 0.34
233.82 239.16 281.44 276.66 0.29
