871.32 160.15 948.45 349.87 0.88
775.51 169.03 834.92 351.40 0.80
543.36 167.33 571.66 257.39 0.78
988.77 161.48 1035.84 270.96 0.74
208.79 172.53 272.34 338.13 0.71
719.84 167.23 745.31 237.48 0.62
1135.91 145.63 1188.39 263.54 0.61
953.86 157.33 987.76 253.73 0.55
1.58 225.16 207.73 335.92 0.46
126.76 224.66 205.86 330.91 0.43
1136.84 147.49 1173.59 244.60 0.42
82.19 225.00 206.56 330.26 0.33
982.53 168.45 1030.04 260.56 0.31
0.00 240.44 130.11 341.96 0.31
508.63 173.20 527.47 228.51 0.29
141.56 175.66 192.26 240.32 0.28
