871.70 161.20 946.87 351.92 0.81
774.07 172.44 830.00 355.59 0.80
210.70 167.66 275.63 335.66 0.75
546.92 165.74 581.48 256.17 0.74
139.04 223.05 215.25 328.80 0.66
998.77 162.14 1041.97 267.01 0.62
720.66 167.04 744.16 236.70 0.60
947.25 158.05 989.68 251.52 0.60
492.30 177.54 509.06 228.12 0.43
1135.52 148.83 1169.91 247.58 0.40
150.56 174.02 203.36 239.58 0.36
510.71 172.66 532.39 229.39 0.30
1134.25 149.31 1183.70 259.49 0.30
648.02 197.58 671.57 219.24 0.28
83.93 221.32 214.73 331.33 0.28
146.38 172.61 204.66 264.37 0.25
