275.04 169.88 319.63 276.33 0.83
805.06 166.30 873.16 322.53 0.79
725.03 167.82 776.84 322.89 0.73
1122.36 147.69 1189.14 281.54 0.70
1077.57 150.91 1152.26 303.43 0.63
1036.65 155.73 1080.08 280.11 0.62
388.69 171.56 425.09 257.76 0.53
362.23 169.70 389.36 257.47 0.50
406.04 160.86 493.03 226.72 0.48
373.17 163.97 494.05 221.67 0.43
624.05 170.26 648.79 236.39 0.41
518.10 149.19 561.40 197.51 0.37
1089.07 149.36 1131.34 301.46 0.28
803.70 162.92 823.99 210.69 0.27
620.78 170.50 644.39 232.02 0.25
