288.66 169.63 326.82 274.20 0.82
809.57 165.39 871.72 322.15 0.77
1128.05 149.55 1193.86 284.75 0.76
729.49 173.19 776.93 325.33 0.73
1082.05 152.28 1148.38 305.49 0.70
395.38 161.31 431.05 256.80 0.62
419.79 162.83 490.94 223.92 0.59
1034.49 158.32 1078.89 282.22 0.58
627.42 169.98 649.99 234.63 0.55
392.20 165.46 490.03 222.21 0.48
369.19 168.75 393.43 251.77 0.44
804.01 167.82 828.13 266.12 0.36
520.50 151.94 561.37 199.57 0.32
622.54 173.06 645.11 234.20 0.30
460.26 162.47 494.26 215.05 0.25
