778.26 171.74 853.94 357.03 0.83
522.25 169.54 567.73 259.23 0.81
200.98 167.70 267.23 336.62 0.79
876.67 168.93 959.56 359.22 0.76
978.54 163.78 1026.31 271.69 0.75
1141.57 145.36 1176.02 234.57 0.69
117.36 228.39 193.69 336.11 0.48
718.28 170.35 741.11 232.81 0.46
961.01 155.35 994.44 245.05 0.42
479.78 177.91 496.16 228.25 0.36
122.21 174.28 184.17 281.35 0.35
1.02 227.19 195.18 341.66 0.35
501.25 175.91 524.84 229.42 0.33
698.21 176.06 717.38 220.44 0.28
0.59 236.67 119.85 344.53 0.28
123.22 173.63 181.57 244.06 0.27
