298.30 170.53 340.24 275.27 0.81
811.56 168.78 873.33 319.11 0.78
732.50 175.72 784.44 326.92 0.74
1086.49 149.36 1132.26 301.24 0.71
398.34 165.60 431.97 256.68 0.67
1139.16 147.42 1191.34 280.01 0.66
628.68 170.32 649.90 234.57 0.61
421.97 164.70 490.45 226.94 0.54
393.40 167.29 487.90 224.33 0.46
1025.48 159.79 1075.61 281.58 0.43
519.44 158.75 560.62 200.39 0.32
372.58 174.66 390.81 237.15 0.30
675.82 185.73 698.36 230.28 0.29
622.06 174.26 641.41 233.88 0.28
1120.40 147.99 1155.23 281.47 0.28
