761.46 171.49 826.72 373.97 0.86
828.61 156.17 907.52 374.00 0.81
206.62 171.81 297.80 367.67 0.79
1022.61 168.91 1082.75 312.09 0.76
610.36 169.10 640.58 198.64 0.55
544.29 170.18 598.53 221.10 0.53
902.80 257.16 1070.58 373.84 0.48
903.63 255.73 1014.57 374.00 0.44
760.92 186.56 817.63 274.09 0.30
983.83 264.05 1074.10 372.58 0.27
353.28 209.13 399.47 261.85 0.27
228.30 251.00 278.44 296.90 0.26
446.39 189.67 460.55 232.10 0.26
389.80 204.38 435.53 260.25 0.26
407.20 202.80 436.58 259.38 0.25
