852.47 158.12 940.92 373.04 0.90
765.26 171.13 835.63 374.00 0.85
176.00 175.52 274.23 370.72 0.85
749.98 175.62 775.44 254.65 0.61
516.99 171.84 569.96 221.30 0.59
1109.60 166.39 1158.15 324.12 0.59
987.92 284.39 1153.14 372.81 0.57
156.56 258.64 203.00 320.34 0.40
571.93 168.05 618.78 200.33 0.39
86.15 240.26 137.11 343.96 0.38
766.91 206.07 806.34 271.66 0.36
1149.77 155.93 1192.30 238.13 0.31
115.56 244.41 199.62 321.74 0.30
568.60 169.50 617.13 217.90 0.27
261.58 224.27 310.64 285.16 0.27
1164.11 154.89 1194.04 237.95 0.26
205.37 256.89 251.42 304.94 0.25
