1157.42 145.52 1228.11 300.02 0.76
379.95 159.89 474.83 230.95 0.74
706.44 155.65 746.88 281.44 0.70
893.95 147.77 938.10 267.78 0.68
658.84 165.73 700.01 281.81 0.67
997.40 153.32 1052.49 334.70 0.62
204.90 174.53 270.46 324.65 0.61
499.61 153.13 560.13 218.39 0.59
592.79 168.91 621.22 230.85 0.40
690.43 161.87 723.04 266.85 0.39
162.42 178.72 206.43 276.98 0.35
148.21 241.29 233.04 347.34 0.32
238.74 170.30 276.79 242.12 0.29
148.46 219.22 264.10 346.22 0.27
233.51 169.01 276.71 313.46 0.27
465.23 162.13 493.51 207.23 0.26
