799.15 155.77 856.04 306.85 0.81
717.86 163.63 772.05 315.68 0.80
217.41 166.88 266.09 279.32 0.73
395.12 160.04 496.67 228.25 0.70
767.04 164.11 797.47 262.67 0.70
521.68 157.43 571.49 204.98 0.63
297.96 175.99 325.84 248.00 0.62
321.04 175.34 376.60 276.85 0.58
618.18 170.47 641.62 235.08 0.57
1112.63 150.88 1162.65 303.61 0.54
1076.23 143.93 1117.35 281.40 0.53
1117.96 150.85 1204.80 322.32 0.34
690.30 179.94 721.13 230.68 0.32
296.25 176.50 331.08 285.94 0.30
1117.48 295.88 1210.67 331.85 0.28
1081.63 143.44 1112.65 265.17 0.26
