226.98 164.19 274.73 276.43 0.83
722.24 167.35 769.24 313.94 0.78
802.52 157.74 858.78 305.40 0.78
1100.16 154.85 1204.80 326.91 0.71
343.01 169.90 387.85 272.19 0.57
767.76 165.32 802.08 263.17 0.54
403.64 159.03 488.30 225.19 0.54
316.51 169.53 342.69 246.01 0.54
356.21 171.67 387.47 271.55 0.41
313.95 169.01 348.04 277.24 0.40
618.96 171.98 642.27 236.61 0.40
524.60 152.87 570.49 203.52 0.38
471.87 158.76 505.11 207.88 0.35
619.06 171.72 638.40 219.63 0.34
1107.65 155.29 1165.38 308.20 0.31
312.51 211.89 378.99 281.58 0.30
1160.96 205.77 1193.66 250.26 0.30
1070.47 150.27 1128.38 288.81 0.27
