876.30 157.61 971.11 333.08 0.87
466.55 163.86 553.62 239.11 0.82
378.44 160.37 468.94 231.06 0.78
673.12 162.47 711.59 263.46 0.77
268.82 171.41 303.18 256.62 0.77
1157.28 143.24 1226.47 304.57 0.74
1033.86 159.42 1106.47 319.78 0.73
90.86 174.87 184.17 367.72 0.64
651.05 168.22 678.52 254.81 0.60
609.01 164.91 645.98 266.45 0.59
49.83 177.84 111.01 264.89 0.54
786.13 151.49 818.42 258.02 0.50
874.60 311.21 987.46 341.48 0.38
649.32 171.17 671.34 231.78 0.36
133.97 179.85 188.27 366.90 0.32
923.36 212.53 956.11 254.74 0.31
15.99 264.31 142.46 372.55 0.28
