1015.47 148.64 1135.46 338.34 0.79
911.74 145.40 968.68 270.53 0.77
1158.04 144.88 1227.56 302.21 0.74
665.54 161.17 708.03 288.14 0.73
501.72 147.30 561.92 215.30 0.72
380.60 159.88 475.54 230.99 0.70
720.41 163.16 764.65 276.77 0.63
219.54 172.62 278.79 318.17 0.62
173.12 175.76 225.49 276.91 0.50
595.77 165.71 623.71 231.65 0.48
699.47 166.89 726.63 257.83 0.42
1013.84 149.64 1099.95 332.75 0.41
912.31 145.90 952.93 267.08 0.41
593.82 164.11 616.78 228.88 0.36
465.23 162.26 492.57 207.61 0.32
175.80 176.92 241.72 283.29 0.28
