378.95 157.32 479.12 227.47 0.80
739.88 158.25 797.03 289.66 0.80
1086.27 144.01 1159.62 339.86 0.71
685.00 162.15 730.90 296.57 0.68
1151.77 141.96 1228.59 302.57 0.63
201.86 219.83 285.67 321.77 0.62
508.17 146.10 564.54 212.44 0.61
252.23 173.09 297.62 299.80 0.57
207.02 169.11 255.31 278.54 0.51
721.13 162.76 748.52 260.32 0.44
965.79 141.70 1006.35 270.90 0.43
460.27 158.80 494.64 205.85 0.43
268.61 175.49 308.00 299.73 0.36
1130.24 200.51 1164.36 260.30 0.27
725.27 191.36 752.42 260.44 0.27
