802.63 157.59 859.17 307.61 0.82
721.24 163.88 769.52 313.17 0.81
222.62 163.46 271.84 277.89 0.79
766.19 163.78 800.56 265.39 0.71
1107.16 152.31 1166.96 321.40 0.67
402.80 159.72 487.10 226.36 0.67
330.44 173.48 374.50 280.78 0.59
1076.65 146.44 1124.47 283.90 0.56
523.93 155.96 571.75 204.29 0.55
618.72 171.34 644.19 235.36 0.52
308.77 172.96 337.78 246.76 0.47
1160.01 196.67 1193.06 247.76 0.43
1115.35 159.06 1209.45 314.32 0.43
691.40 180.45 719.13 232.93 0.40
617.95 170.29 638.36 219.67 0.35
469.12 159.06 504.83 209.05 0.35
1147.06 158.18 1195.43 305.59 0.32
306.71 212.39 370.53 286.01 0.29
619.21 170.53 653.91 236.13 0.29
1108.13 300.50 1214.34 330.09 0.29
