379.65 160.12 476.72 230.26 0.74
1158.38 144.09 1227.49 297.28 0.71
653.63 159.23 694.15 279.47 0.69
871.15 150.70 936.84 267.11 0.69
496.19 148.45 560.56 220.16 0.68
196.55 169.26 259.89 318.56 0.63
993.30 152.10 1044.10 331.69 0.57
138.82 236.25 238.09 350.22 0.48
700.36 154.37 744.14 278.13 0.46
686.34 164.68 720.43 260.21 0.45
156.67 172.30 201.14 278.95 0.38
993.32 151.82 1071.71 331.44 0.37
593.74 167.53 615.41 228.40 0.33
1028.78 189.73 1088.89 333.91 0.31
462.48 160.63 494.70 207.39 0.27
235.11 171.82 276.02 239.16 0.27
156.25 172.79 197.43 247.00 0.25
