788.38 152.50 839.14 300.53 0.78
211.06 168.72 258.88 278.67 0.77
389.53 158.64 492.95 225.87 0.74
714.62 165.67 765.63 314.50 0.71
519.18 157.49 569.57 204.69 0.64
1153.82 151.55 1210.51 307.73 0.64
1116.72 149.25 1162.58 306.23 0.62
310.60 169.13 359.90 279.72 0.61
1047.94 146.49 1111.61 279.56 0.53
615.08 165.33 637.36 232.78 0.53
274.02 168.62 309.05 266.97 0.48
692.37 178.47 718.50 232.85 0.42
465.12 158.93 503.87 204.46 0.34
274.61 172.63 302.49 256.75 0.34
754.02 160.16 785.80 255.19 0.27
275.74 216.98 358.91 295.76 0.26
