500.52 148.45 561.33 217.42 0.79
1157.48 145.22 1227.59 303.18 0.74
379.29 159.80 474.56 230.41 0.72
1007.35 152.20 1131.16 341.26 0.66
663.28 164.00 703.61 283.10 0.65
212.38 171.61 274.54 315.00 0.63
906.70 146.89 941.16 262.99 0.63
712.22 160.86 758.71 279.52 0.59
169.12 174.80 220.03 278.41 0.46
595.09 167.69 623.47 230.91 0.40
234.15 185.52 274.26 308.37 0.34
464.40 161.80 493.61 208.02 0.33
1003.02 149.65 1061.41 335.20 0.33
696.95 165.59 728.40 260.99 0.32
592.84 165.47 615.89 227.50 0.27
