762.40 155.24 817.82 297.48 0.77
236.10 220.83 321.97 308.12 0.76
1098.09 150.22 1183.34 339.40 0.72
734.25 160.77 765.97 264.78 0.72
382.83 158.68 480.99 228.63 0.69
204.44 171.80 246.59 279.39 0.68
692.00 164.14 743.64 301.35 0.67
273.88 176.04 324.11 291.85 0.67
1155.65 143.38 1221.90 306.04 0.65
603.20 165.24 631.20 233.78 0.55
512.59 152.13 567.18 211.72 0.54
464.89 159.18 494.39 207.23 0.46
241.18 173.14 276.88 277.43 0.44
1014.65 141.95 1049.46 219.91 0.43
234.68 228.69 303.86 312.00 0.43
