769.73 158.02 827.00 301.53 0.76
205.37 163.22 250.22 280.37 0.76
382.18 159.02 488.80 228.57 0.75
1098.35 149.35 1179.53 337.16 0.74
700.48 165.03 747.15 300.98 0.74
738.66 161.17 770.65 262.47 0.69
283.58 175.30 334.70 289.58 0.68
1155.84 143.57 1221.85 310.56 0.67
242.55 220.59 315.85 307.51 0.57
513.45 159.76 567.32 210.36 0.53
1024.93 142.40 1061.48 258.94 0.52
249.98 173.40 287.72 264.10 0.48
1025.48 142.37 1086.51 269.41 0.47
605.35 165.12 630.67 233.90 0.39
463.50 159.39 493.67 202.61 0.36
243.15 238.56 307.80 309.30 0.29
690.49 178.40 715.69 230.25 0.27
