1025.01 148.01 1134.95 344.04 0.86
921.95 148.76 987.09 273.63 0.79
501.26 146.74 561.78 214.90 0.78
379.83 160.39 476.64 232.16 0.78
1158.63 143.97 1226.73 306.71 0.74
226.88 173.97 283.00 315.45 0.73
670.89 162.96 717.37 290.12 0.69
723.21 163.49 766.86 270.59 0.57
595.22 168.20 622.79 232.40 0.49
595.01 167.22 615.94 228.82 0.43
172.29 237.34 256.83 339.64 0.38
180.08 173.68 231.90 278.54 0.34
176.22 169.56 260.69 338.00 0.28
1078.26 190.15 1128.26 258.96 0.28
464.73 161.57 491.70 210.25 0.27
1080.81 210.71 1128.34 259.39 0.27
593.64 169.72 609.30 229.06 0.26
