250.27 167.11 297.58 276.42 0.75
805.84 156.86 864.80 307.73 0.73
723.67 168.89 771.35 319.83 0.72
1096.16 145.29 1166.57 310.42 0.63
372.16 170.75 401.85 261.78 0.62
621.87 166.56 647.96 237.94 0.61
1067.65 148.07 1107.47 276.11 0.52
401.99 161.32 491.33 223.41 0.49
339.67 170.16 371.08 264.85 0.46
1095.60 146.48 1145.11 290.55 0.46
1117.01 153.25 1169.13 297.50 0.44
520.21 148.55 565.47 199.70 0.43
781.75 164.10 811.49 262.53 0.39
342.03 169.77 380.16 271.90 0.30
339.80 169.93 363.73 252.12 0.30
1128.32 187.37 1167.81 238.39 0.30
340.50 170.11 362.69 228.54 0.29
469.00 160.15 499.68 207.45 0.28
