483.35 164.76 557.27 232.11 0.83
380.79 160.49 479.49 229.44 0.81
1163.08 142.43 1228.38 305.95 0.79
932.95 154.42 1004.86 336.70 0.75
144.17 174.27 215.13 344.76 0.74
251.68 172.51 289.32 261.63 0.73
1113.84 158.09 1181.24 327.21 0.70
626.91 162.02 661.72 272.42 0.69
681.97 161.71 716.76 267.60 0.68
818.13 151.05 860.52 260.01 0.67
93.81 174.59 156.58 274.16 0.45
666.63 166.39 689.33 262.56 0.43
70.13 243.04 192.31 371.42 0.40
672.88 164.78 703.63 266.24 0.38
144.22 173.15 205.11 310.11 0.30
168.69 172.21 216.71 343.92 0.28
