243.41 165.66 287.05 277.96 0.80
1092.02 147.53 1177.45 317.02 0.78
808.68 165.17 868.62 313.48 0.77
722.64 168.22 769.92 317.17 0.76
776.21 161.54 814.27 266.77 0.68
1141.74 196.24 1181.50 247.03 0.62
329.89 171.35 358.58 258.13 0.62
522.35 156.28 566.89 202.75 0.59
393.90 159.89 497.90 227.29 0.57
360.56 174.73 401.56 268.08 0.55
621.70 169.56 647.79 238.06 0.51
1070.07 156.26 1119.25 289.47 0.35
589.12 136.66 600.54 165.91 0.30
468.37 160.22 500.09 215.14 0.29
336.89 210.48 399.60 271.65 0.27
