756.12 155.15 807.33 297.12 0.79
382.13 157.46 480.30 227.84 0.78
730.00 160.62 761.01 259.70 0.75
1096.87 147.75 1183.98 338.81 0.71
691.53 160.78 739.38 300.68 0.69
264.59 173.32 313.21 296.18 0.68
1151.88 142.26 1225.85 306.12 0.63
223.47 221.56 311.75 311.86 0.62
983.42 138.47 1039.21 276.20 0.62
509.60 154.43 565.58 212.61 0.60
223.79 171.99 270.91 275.55 0.54
602.24 165.58 628.46 232.67 0.53
204.44 171.65 238.72 258.13 0.50
462.48 159.81 494.78 208.18 0.40
202.72 172.05 235.31 241.51 0.31
210.56 168.41 241.39 281.80 0.28
223.69 237.44 296.65 315.93 0.26
