205.65 165.86 253.55 278.50 0.79
776.37 159.04 833.98 301.20 0.78
1100.68 149.24 1178.15 337.08 0.74
706.68 160.99 751.78 306.79 0.74
385.74 158.83 487.95 226.77 0.71
744.04 162.92 781.43 265.82 0.67
1155.84 145.45 1218.60 313.17 0.66
515.80 161.02 567.85 209.19 0.63
293.43 174.15 339.49 288.30 0.60
1028.88 146.11 1092.83 273.49 0.52
1111.38 147.13 1163.56 323.95 0.51
256.82 171.77 298.15 276.98 0.49
463.75 159.61 498.30 205.65 0.46
254.72 218.47 334.37 301.87 0.44
690.52 177.80 718.99 229.44 0.31
609.67 169.67 642.56 234.37 0.28
254.85 172.12 309.88 292.64 0.27
