943.94 155.44 1049.41 343.10 0.85
379.40 160.31 480.35 228.98 0.83
487.95 165.18 557.87 230.26 0.82
1153.53 152.15 1237.36 334.05 0.81
242.09 169.56 281.02 264.30 0.74
845.73 151.32 891.28 263.25 0.70
120.59 173.57 179.01 293.00 0.69
170.37 175.37 239.89 334.28 0.66
685.09 161.14 731.54 271.37 0.60
639.71 170.85 674.39 279.25 0.50
100.53 248.19 202.74 367.44 0.38
203.16 169.76 246.59 327.36 0.35
672.48 163.99 702.89 261.17 0.32
672.27 164.34 693.93 240.28 0.27
601.73 167.93 624.60 227.07 0.27
641.79 164.84 670.41 249.47 0.27
461.44 160.27 490.62 198.19 0.26
