790.02 154.49 845.60 301.69 0.83
715.35 163.65 767.51 314.81 0.79
211.41 170.19 261.09 276.92 0.77
391.26 158.51 492.89 225.97 0.74
521.30 149.91 570.24 203.84 0.61
1149.91 151.06 1203.16 306.21 0.55
1072.53 144.91 1102.26 224.56 0.53
1107.73 152.72 1162.50 303.17 0.52
316.26 172.68 358.28 284.57 0.50
617.72 171.02 638.59 232.44 0.50
287.33 173.85 315.60 252.01 0.49
766.16 162.87 793.04 260.31 0.49
316.73 173.27 372.58 277.38 0.41
1071.17 144.92 1109.92 281.33 0.39
1101.01 153.23 1143.80 295.26 0.31
690.57 179.35 719.61 232.72 0.31
287.21 172.08 319.00 286.74 0.30
340.53 178.92 374.86 273.58 0.27
1119.45 152.61 1200.18 328.19 0.26
