246.54 165.58 291.72 278.12 0.83
723.56 166.20 771.13 318.02 0.77
367.73 171.52 401.82 267.36 0.76
808.99 162.41 866.50 312.36 0.75
1095.98 152.88 1173.05 313.34 0.73
392.31 160.47 491.76 227.60 0.58
621.58 167.21 647.65 237.21 0.57
521.29 154.73 565.76 202.20 0.53
338.73 172.25 365.17 247.19 0.51
1072.02 152.81 1115.52 277.30 0.51
1140.42 201.41 1174.49 243.10 0.43
339.69 170.88 370.30 266.23 0.37
470.52 160.26 499.24 205.44 0.31
340.06 170.97 361.53 224.15 0.29
781.16 162.55 814.41 263.52 0.28
