209.46 166.36 256.66 278.20 0.79
779.18 157.09 837.24 300.40 0.77
301.22 169.53 342.73 285.39 0.77
391.51 158.82 490.77 226.32 0.70
710.82 163.83 761.96 309.78 0.67
518.17 160.81 568.59 205.90 0.67
265.97 169.02 302.69 254.86 0.63
1154.64 148.53 1214.71 312.52 0.57
612.49 168.65 633.05 232.36 0.53
748.29 160.15 781.98 248.63 0.50
1112.56 150.31 1177.50 335.22 0.45
1107.82 145.84 1164.10 321.55 0.44
1039.64 146.93 1111.13 278.37 0.43
264.58 217.11 342.89 297.27 0.43
689.78 177.61 717.28 229.99 0.40
263.66 167.39 305.91 282.62 0.39
613.28 170.83 640.08 234.91 0.37
463.51 158.94 498.48 203.43 0.36
1027.08 147.49 1090.64 277.25 0.34
709.02 159.52 783.05 308.83 0.32
