485.58 164.54 556.84 231.25 0.85
380.36 160.46 477.59 228.93 0.82
937.88 158.12 1023.91 334.60 0.75
247.77 171.76 286.80 260.18 0.73
827.75 151.80 880.04 263.35 0.70
1126.03 159.74 1201.09 327.68 0.68
153.35 170.62 224.10 344.73 0.67
632.18 165.47 669.53 270.53 0.62
102.83 173.54 165.18 294.41 0.60
1166.88 144.82 1228.56 296.77 0.58
74.31 248.78 197.55 371.85 0.57
684.22 162.99 721.31 268.02 0.47
673.31 166.67 700.88 261.74 0.35
674.49 168.83 711.84 265.07 0.32
153.85 173.21 205.11 335.67 0.25
948.36 189.21 1020.63 332.13 0.25
