381.48 157.20 480.02 227.13 0.80
1094.27 145.42 1181.92 339.05 0.77
749.18 157.30 802.32 293.03 0.72
971.58 143.28 1040.38 273.97 0.71
690.36 160.81 736.35 298.49 0.69
254.06 170.43 309.72 301.92 0.64
215.17 221.79 290.82 317.71 0.64
509.33 148.50 565.47 212.95 0.62
1149.78 141.93 1229.10 303.05 0.60
724.50 163.69 752.03 261.53 0.54
205.02 170.13 238.05 237.17 0.41
461.43 158.87 494.29 207.19 0.41
213.69 172.45 259.07 267.15 0.35
599.57 167.25 620.63 230.35 0.34
268.68 170.52 310.63 295.55 0.34
208.24 170.52 249.55 264.72 0.32
