966.26 156.32 1237.47 371.59 0.86
21.85 160.01 122.97 371.51 0.81
233.48 210.50 311.12 302.75 0.50
382.37 195.27 428.52 243.30 0.41
808.41 153.13 834.91 212.89 0.38
231.16 269.81 284.01 371.56 0.35
230.95 269.04 317.02 372.19 0.34
315.36 267.87 392.88 372.72 0.34
232.01 269.76 314.95 372.75 0.33
383.59 230.90 460.26 318.11 0.31
709.05 188.20 735.64 243.35 0.30
310.87 209.37 393.36 313.78 0.28
805.03 151.93 826.43 209.94 0.27
312.26 209.54 395.60 366.38 0.27
232.39 211.02 320.29 372.55 0.25
505.92 171.11 529.93 212.00 0.25
