1052.70 254.41 1157.32 370.14 0.78
372.96 188.26 486.19 277.21 0.65
213.55 267.74 333.49 373.25 0.55
1006.91 223.84 1087.34 293.84 0.52
1140.56 238.20 1237.46 367.18 0.52
954.36 292.40 1070.69 372.27 0.46
903.59 276.80 994.94 373.39 0.46
826.32 244.59 950.52 336.23 0.41
466.80 176.27 490.66 241.50 0.39
936.65 245.10 998.12 307.02 0.37
821.70 243.78 957.75 297.26 0.34
931.92 246.43 999.69 371.58 0.33
950.17 294.74 1068.77 329.48 0.32
844.99 246.30 953.01 265.39 0.31
1044.96 333.63 1103.36 371.41 0.29
