264.63 258.91 365.95 372.55 0.80
972.34 240.56 1065.95 368.58 0.55
389.52 189.84 493.96 272.44 0.51
1053.27 220.80 1157.02 372.54 0.51
862.35 265.62 948.13 372.76 0.49
957.44 217.28 1021.34 281.83 0.49
893.85 268.22 1001.17 372.21 0.39
805.62 239.92 905.30 321.06 0.39
987.03 240.72 1066.14 338.97 0.38
743.94 164.80 766.00 230.18 0.37
1056.44 224.46 1157.55 330.92 0.30
1019.52 326.20 1093.21 373.26 0.28
897.20 238.18 952.78 288.57 0.27
484.61 178.72 506.13 235.41 0.27
971.53 307.24 1036.09 372.67 0.26
