241.01 265.88 350.69 371.87 0.69
1012.69 242.27 1110.35 352.99 0.68
382.71 183.50 489.88 273.50 0.58
815.03 240.56 931.57 326.14 0.52
918.34 287.15 1030.38 373.13 0.50
1089.65 234.09 1206.54 363.60 0.48
878.49 273.45 973.92 373.79 0.47
982.04 221.11 1050.98 283.80 0.47
1178.80 278.69 1237.73 368.37 0.35
905.19 248.58 973.84 373.00 0.33
747.08 162.27 771.90 233.46 0.32
930.03 288.88 1030.39 311.10 0.26
913.55 240.20 999.46 368.02 0.26
382.48 209.93 486.85 274.24 0.26
715.43 156.63 751.85 252.42 0.25
