1004.67 183.52 1237.09 369.43 0.85
19.28 164.37 90.05 373.15 0.63
0.00 162.99 79.23 370.13 0.59
290.31 279.49 373.67 372.99 0.59
368.11 201.18 417.65 250.18 0.51
206.10 217.19 288.87 319.26 0.47
200.72 280.56 256.32 372.54 0.46
286.58 211.97 380.00 330.83 0.41
202.14 280.13 292.74 372.69 0.41
505.03 169.94 532.63 231.32 0.35
203.27 215.69 295.55 371.29 0.32
505.78 170.09 527.77 204.07 0.32
779.32 186.33 813.67 208.68 0.31
202.67 280.26 291.54 372.67 0.29
715.52 186.80 743.86 211.61 0.29
338.97 208.30 374.77 259.71 0.26
835.58 195.03 895.93 238.20 0.26
