133.72 190.91 427.75 359.72 0.89
461.04 170.06 491.71 195.17 0.69
400.47 155.51 446.76 272.68 0.68
630.71 156.70 661.14 244.46 0.67
0.00 179.16 42.43 279.99 0.67
63.42 184.77 97.93 268.22 0.61
630.27 159.00 684.79 244.92 0.52
1120.68 161.06 1187.93 196.73 0.43
282.74 100.30 298.05 136.07 0.42
181.02 172.43 205.56 206.43 0.39
926.44 161.01 944.68 205.57 0.37
868.55 81.58 885.45 98.95 0.37
118.60 181.44 143.40 234.62 0.34
1119.59 163.98 1157.80 188.36 0.34
867.92 81.63 887.34 121.67 0.28
113.99 182.84 148.19 255.63 0.25
