0.21 224.13 286.97 365.59 0.90
1136.90 133.45 1223.39 282.98 0.86
1049.19 181.71 1154.32 251.76 0.80
825.97 162.35 932.26 199.57 0.72
137.77 75.06 165.30 134.91 0.69
755.18 148.82 808.07 310.27 0.67
447.18 173.28 481.95 199.54 0.66
251.43 170.72 289.83 279.00 0.65
215.72 177.75 256.88 281.57 0.60
986.57 45.88 1015.45 103.95 0.58
730.68 159.27 764.61 294.38 0.47
723.88 157.72 771.07 301.64 0.47
169.61 75.60 195.43 141.90 0.39
1055.40 146.49 1114.36 220.16 0.35
721.82 154.38 806.55 308.19 0.29
483.74 181.86 508.55 199.82 0.26
