0.21 224.44 286.20 365.47 0.90
1078.38 132.78 1167.60 285.59 0.79
964.59 142.93 1014.28 252.91 0.71
137.77 75.22 165.46 134.85 0.68
447.09 173.33 481.97 199.67 0.67
219.03 175.09 265.73 276.47 0.64
693.24 151.59 768.12 313.55 0.62
192.40 178.45 231.10 282.76 0.62
950.00 190.27 1060.79 264.05 0.58
986.39 45.83 1015.67 103.76 0.58
686.43 160.00 721.11 305.34 0.47
894.56 156.11 985.80 197.92 0.39
950.76 187.54 1016.66 259.50 0.39
169.79 75.29 195.58 141.81 0.32
483.65 181.82 508.32 199.90 0.26
895.22 155.11 1021.86 198.61 0.26
