0.24 223.81 286.36 365.82 0.90
1098.32 176.83 1193.84 249.10 0.84
772.20 150.69 859.16 313.90 0.82
1161.65 125.49 1223.75 278.38 0.71
745.87 160.14 785.37 301.10 0.67
447.11 173.27 481.97 199.54 0.66
137.99 75.27 165.21 134.82 0.66
817.25 159.75 896.42 198.65 0.60
235.00 174.84 267.37 273.45 0.57
986.44 46.02 1015.54 103.62 0.56
265.94 172.65 305.27 276.15 0.52
1104.21 137.44 1159.96 228.78 0.48
268.90 175.44 302.79 253.00 0.45
169.35 75.19 195.47 141.54 0.38
483.81 181.85 508.07 199.84 0.27
229.49 171.57 276.17 287.09 0.27
