720.20 177.80 745.90 265.26 0.76
158.92 175.38 183.23 240.26 0.63
356.61 170.80 376.10 231.57 0.59
21.65 177.79 47.61 261.69 0.53
264.41 174.45 293.53 255.37 0.53
250.48 246.46 300.56 270.29 0.50
88.45 173.92 128.12 317.51 0.49
804.85 151.90 829.14 218.86 0.44
864.65 187.73 917.77 363.16 0.42
578.89 172.04 611.24 203.13 0.38
807.06 162.07 827.09 218.38 0.37
843.69 349.28 931.46 374.36 0.32
238.83 174.27 258.96 228.73 0.30
541.04 173.65 569.48 198.29 0.27
661.43 175.40 679.27 216.86 0.27
665.55 176.07 682.10 214.33 0.27
